1,20241,보문동,16145,7748,8397,1933,2644,2807,2275,2686,3800,957,1228,1404,1166,1307,1686,976,1416,1403,1109,1379,2114,2025-03-17 14:21:23
2,20241,불광2동,26600,12782,13818,2240,3809,3761,3318,4614,8858,1149,1840,1946,1713,2193,3941,1091,1969,1815,1605,2421,4917,2025-03-17 14:21:23
3,20241,능동,11053,5063,5990,919,2217,2459,1604,1443,2411,462,958,1120,771,687,1065,457,1259,1339,833,756,1346,2025-03-17 14:21:23
4,20241,쌍문3동,16449,7872,8577,1590,2375,2361,2240,2788,5095,791,1114,1214,1151,1332,2270,799,1261,1147,1089,1456,2825,2025-03-17 14:21:23
5,20241,목2동,28816,13924,14892,3551,4299,5100,4253,4698,6915,1877,2069,2568,2067,2174,3169,1674,2230,2532,2186,2524,3746,2025-03-17 14:21:23
6,20241,자양1동,21795,10556,11239,2105,3873,3812,3127,3377,5501,1095,1879,1986,1530,1654,2412,1010,1994,1826,1597,1723,3089,2025-03-17 14:21:23
7,20241,상계5동,22979,11152,11827,2533,2909,2567,2991,4369,7610,1298,1503,1383,1484,2114,3370,1235,1406,1184,1507,2255,4240,2025-03-17 14:21:24
8,20241,신길4동,10315,5096,5219,1110,1231,1489,1375,1756,3354,579,630,796,714,871,1506,531,601,693,661,885,1848,2025-03-17 14:21:24
9,20241,신월3동,14261,7502,6759,1565,1685,1854,1910,2539,4708,840,892,1002,1044,1408,2316,725,793,852,866,1131,2392,2025-03-17 14:21:24
10,20241,고덕2동,22684,11427,11257,4754,2039,3425,4400,3203,4863,2520,1039,1636,2261,1594,2377,2234,1000,1789,2139,1609,2486,2025-03-17 14:21:24
11,20241,상봉1동,23195,11266,11929,3239,2914,3373,3269,3951,6449,1690,1420,1675,1676,1851,2954,1549,1494,1698,1593,2100,3495,2025-03-17 14:21:24
12,20241,화곡6동,24357,11645,12712,2370,4127,4399,3369,3688,6404,1244,1810,2169,1757,1755,2910,1126,2317,2230,1612,1933,3494,2025-03-17 14:21:24
13,20241,화곡2동,17041,8180,8861,2091,2333,2600,2758,2777,4482,1053,1136,1390,1368,1307,1926,1038,1197,1210,1390,1470,2556,2025-03-17 14:21:24
14,20241,용산2가동,8866,4311,4555,691,1307,1624,1227,1243,2774,361,663,845,659,590,1193,330,644,779,568,653,1581,2025-03-17 14:21:24
15,20241,우장산동,43709,20877,22832,8547,5208,5251,8190,7110,9403,4204,2384,2553,3812,3546,4378,4343,2824,2698,4378,3564,5025,2025-03-17 14:21:24
16,20241,을지로동,3208,1742,1466,211,512,956,454,370,705,98,203,536,249,225,431,113,309,420,205,145,274,2025-03-17 14:21:24
17,20241,묵1동,33661,16051,17610,4651,4688,4558,5110,5530,9124,2354,2163,2237,2504,2664,4129,2297,2525,2321,2606,2866,4995,2025-03-17 14:21:24
18,20241,암사3동,17136,8416,8720,3437,1763,2030,3124,2594,4188,1811,890,943,1520,1275,1977,1626,873,1087,1604,1319,2211,2025-03-17 14:21:25
19,20241,상일동,39307,19334,19973,9332,3437,5097,8026,5494,7921,4772,1726,2319,3983,2720,3814,4560,1711,2778,4043,2774,4107,2025-03-17 14:21:25
20,20241,노량진1동,32005,16255,15750,3388,5723,5768,4068,4572,8486,1747,3044,3276,2172,2296,3720,1641,2679,2492,1896,2276,4766,2025-03-17 14:21:25
21,20241,당산1동,20951,10105,10846,1865,3681,4911,2670,2884,4940,947,1533,2518,1369,1468,2270,918,2148,2393,1301,1416,2670,2025-03-17 14:21:25
22,20241,목5동,40702,20159,20543,10213,3947,3450,8541,6786,7765,5574,2006,1555,3792,3495,3737,4639,1941,1895,4749,3291,4028,2025-03-17 14:21:25
23,20241,창4동,26168,12513,13655,3711,3414,3341,3902,4742,7058,1907,1656,1653,1858,2204,3235,1804,1758,1688,2044,2538,3823,2025-03-17 14:21:25
24,20241,숭인2동,9499,4638,4861,483,2234,1740,1013,1536,2493,227,859,890,547,835,1280,256,1375,850,466,701,1213,2025-03-17 14:21:25
25,20241,사직동,8992,3989,5003,1122,1044,1412,1407,1477,2530,510,440,632,611,680,1116,612,604,780,796,797,1414,2025-03-17 14:21:25
26,20241,원효로2동,13626,6396,7230,1710,1909,2315,1973,2222,3497,776,842,1138,987,1083,1570,934,1067,1177,986,1139,1927,2025-03-17 14:21:25
27,20241,시흥1동,32115,15959,16156,3415,4325,4825,4376,5529,9645,1800,2136,2539,2286,2771,4427,1615,2189,2286,2090,2758,5218,2025-03-17 14:21:25
28,20241,신월2동,20779,10130,10649,2995,2437,2722,3270,3235,6120,1500,1246,1358,1669,1584,2773,1495,1191,1364,1601,1651,3347,2025-03-17 14:21:25
29,20241,공릉2동,41435,20163,21272,7053,6862,5438,6599,6387,9096,3643,3362,2693,3179,3130,4156,3410,3500,2745,3420,3257,4940,2025-03-17 14:21:25
30,20241,이태원2동,8657,4044,4613,767,1192,1695,1293,1247,2463,370,605,850,634,568,1017,397,587,845,659,679,1446,2025-03-17 14:21:26
31,20241,장지동,28473,13711,14762,4331,3521,4383,4387,4637,7214,2192,1799,2173,2194,2141,3212,2139,1722,2210,2193,2496,4002,2025-03-17 14:21:26
32,20241,반포2동,23322,11070,12252,5945,2189,2186,4645,3835,4522,2970,1043,901,2069,2012,2075,2975,1146,1285,2576,1823,2447,2025-03-17 14:21:26
33,20241,월계2동,25485,12230,13255,3245,2758,2828,3747,4300,8607,1680,1420,1408,1897,2107,3718,1565,1338,1420,1850,2193,4889,2025-03-17 14:21:26
34,20241,미성동,29526,14465,15061,3333,4339,4111,4090,4825,8828,1680,2109,2204,2088,2337,4047,1653,2230,1907,2002,2488,4781,2025-03-17 14:21:26
35,20241,수색동,20440,9936,10504,3213,2561,3587,2992,3554,4533,1616,1289,1750,1521,1717,2043,1597,1272,1837,1471,1837,2490,2025-03-17 14:21:26
36,20241,중계2·3동,32502,14828,17674,4195,3658,3820,4805,5565,10459,2088,1801,1884,2319,2622,4114,2107,1857,1936,2486,2943,6345,2025-03-17 14:21:26
37,20241,교남동,9715,4456,5259,1530,1142,1407,1697,1622,2317,741,521,639,785,789,981,789,621,768,912,833,1336,2025-03-17 14:21:26
38,20241,하계2동,21306,10129,11177,3682,2596,2462,3461,3825,5280,1905,1356,1168,1602,1825,2273,1777,1240,1294,1859,2000,3007,2025-03-17 14:21:26
39,20241,중계1동,26318,12840,13478,6900,2811,1858,5725,4881,4143,3691,1467,829,2470,2516,1867,3209,1344,1029,3255,2365,2276,2025-03-17 14:21:26
40,20241,답십리2동,27467,13247,14220,3293,3181,4231,3775,4588,8399,1605,1584,2158,1912,2237,3751,1688,1597,2073,1863,2351,4648,2025-03-17 14:21:26
41,20241,풍납2동,23552,11093,12459,3408,3330,3689,3709,3552,5864,1727,1415,1735,1817,1709,2690,1681,1915,1954,1892,1843,3174,2025-03-17 14:21:26
42,20241,상봉2동,20258,9631,10627,1387,4154,4749,2415,2869,4684,702,1649,2314,1283,1453,2230,685,2505,2435,1132,1416,2454,2025-03-17 14:21:27
43,20241,방배본동,20401,9406,10995,3930,2442,2230,3630,3553,4616,1855,1101,998,1601,1740,2111,2075,1341,1232,2029,1813,2505,2025-03-17 14:21:27
44,20241,회기동,10313,4883,5430,996,3406,1479,1160,1219,2053,494,1536,797,565,630,861,502,1870,682,595,589,1192,2025-03-17 14:21:27
45,20241,방학2동,18535,9360,9175,1901,2134,1972,2338,3524,6666,986,1159,1103,1212,1791,3109,915,975,869,1126,1733,3557,2025-03-17 14:21:27
46,20241,면목본동,32648,16095,16553,2811,4744,5276,4441,5854,9522,1442,2267,2771,2364,2912,4339,1369,2477,2505,2077,2942,5183,2025-03-17 14:21:27
47,20241,서초1동,20154,9749,10405,2980,2660,3273,3563,3167,4511,1582,1323,1544,1633,1558,2109,1398,1337,1729,1930,1609,2402,2025-03-17 14:21:27
48,20241,가락2동,31181,15186,15995,5254,4005,4610,5066,5110,7136,2728,1978,2264,2444,2461,3311,2526,2027,2346,2622,2649,3825,2025-03-17 14:21:27
49,20241,논현2동,20369,9434,10935,2079,3161,4071,3605,3040,4413,1050,1386,1859,1712,1436,1991,1029,1775,2212,1893,1604,2422,2025-03-17 14:21:27
50,20241,방배2동,18010,8404,9606,2442,2281,2679,2744,2828,5036,1218,1131,1237,1272,1301,2245,1224,1150,1442,1472,1527,2791,2025-03-17 14:21:27
51,20241,우이동,19766,9445,10321,2065,2304,2383,2607,3519,6888,1050,1073,1244,1355,1697,3026,1015,1231,1139,1252,1822,3862,2025-03-17 14:21:27
52,20241,장위1동,23354,11327,12027,3194,3016,3150,3511,4103,6380,1585,1488,1621,1808,1948,2877,1609,1528,1529,1703,2155,3503,2025-03-17 14:21:27
53,20241,휘경2동,24158,12015,12143,2811,5838,3023,3127,3560,5799,1391,3026,1613,1582,1781,2622,1420,2812,1410,1545,1779,3177,2025-03-17 14:21:27
54,20241,중계본동,23040,11163,11877,5334,2899,1645,4258,4637,4267,2719,1456,803,1845,2324,2016,2615,1443,842,2413,2313,2251,2025-03-17 14:21:27
55,20241,응암1동,32659,15258,17401,4871,4200,5235,5463,5059,7831,2500,1812,2497,2671,2457,3321,2371,2388,2738,2792,2602,4510,2025-03-17 14:21:28
56,20241,수유2동,20502,9717,10785,2064,2590,2319,2733,3547,7249,1076,1186,1245,1410,1682,3118,988,1404,1074,1323,1865,4131,2025-03-17 14:21:28
57,20241,창2동,28172,13658,14514,3392,3737,3782,4103,4947,8211,1737,1841,1919,2095,2330,3736,1655,1896,1863,2008,2617,4475,2025-03-17 14:21:28
58,20241,미아동,20841,9966,10875,1702,3520,2708,2628,3535,6748,904,1477,1474,1342,1747,3022,798,2043,1234,1286,1788,3726,2025-03-17 14:21:28
59,20241,휘경1동,13580,6428,7152,1420,3601,2055,1613,1886,3005,698,1505,1093,827,907,1398,722,2096,962,786,979,1607,2025-03-17 14:21:28
60,20241,남가좌2동,29083,14033,15050,4681,4083,4081,4720,4487,7031,2367,1986,1979,2379,2203,3119,2314,2097,2102,2341,2284,3912,2025-03-17 14:21:28
61,20241,황학동,12685,5986,6699,1103,2172,2968,1817,1685,2940,562,881,1456,926,818,1343,541,1291,1512,891,867,1597,2025-03-17 14:21:28
62,20241,도림동,17562,8900,8662,1605,2542,3250,2425,2902,4838,834,1234,1723,1293,1533,2283,771,1308,1527,1132,1369,2555,2025-03-17 14:21:28
63,20241,군자동,19048,9394,9654,1577,4259,3440,2476,2640,4656,826,2050,1785,1249,1328,2156,751,2209,1655,1227,1312,2500,2025-03-17 14:21:28
64,20241,가산동,24622,13262,11360,1183,6982,6580,2804,2716,4357,593,3140,3964,1719,1598,2248,590,3842,2616,1085,1118,2109,2025-03-17 14:21:28
65,20241,신사1동,26462,12698,13764,2997,3592,3776,3864,4436,7797,1530,1796,1915,1930,2094,3433,1467,1796,1861,1934,2342,4364,2025-03-17 14:21:28
66,20241,화양동,24821,11760,13061,1242,10467,4995,2328,2294,3495,569,4475,2584,1249,1238,1645,673,5992,2411,1079,1056,1850,2025-03-17 14:21:28
67,20241,신정4동,31687,15407,16280,3158,4945,4794,4564,5229,8997,1622,2327,2520,2311,2538,4089,1536,2618,2274,2253,2691,4908,2025-03-17 14:21:29
68,20241,한남동,17711,8532,9179,2037,2037,3193,2924,2831,4689,1059,1018,1548,1469,1337,2101,978,1019,1645,1455,1494,2588,2025-03-17 14:21:29
69,20241,혜화동,15833,7605,8228,1689,4273,2038,1904,2304,3625,833,2111,1077,919,1094,1571,856,2162,961,985,1210,2054,2025-03-17 14:21:29
70,20241,창3동,13163,6549,6614,1407,1487,1503,1893,2437,4436,758,776,813,984,1209,2009,649,711,690,909,1228,2427,2025-03-17 14:21:29
71,20241,북아현동,15401,7379,8022,2242,1925,2786,2525,2474,3449,1157,851,1325,1302,1197,1547,1085,1074,1461,1223,1277,1902,2025-03-17 14:21:29
72,20241,신정2동,18773,9207,9566,3948,2123,1564,3465,3405,4268,2034,1087,737,1561,1781,2007,1914,1036,827,1904,1624,2261,2025-03-17 14:21:29
73,20241,성수1가1동,15394,7652,7742,1722,2196,2841,2013,2745,3877,901,1102,1424,1008,1329,1888,821,1094,1417,1005,1416,1989,2025-03-17 14:21:29
74,20241,쌍문1동,20484,9807,10677,2281,2632,2371,2743,3678,6779,1143,1198,1234,1400,1792,3040,1138,1434,1137,1343,1886,3739,2025-03-17 14:21:29
75,20241,길동,44395,21594,22801,4611,6297,7127,6419,7099,12842,2411,2946,3637,3290,3428,5882,2200,3351,3490,3129,3671,6960,2025-03-17 14:21:29
76,20241,시흥3동,10153,5020,5133,1022,1164,1276,1264,1831,3596,519,599,691,659,888,1664,503,565,585,605,943,1932,2025-03-17 14:21:29
77,20241,창1동,23774,11340,12434,3055,2927,3114,3534,4185,6959,1565,1436,1615,1721,1965,3038,1490,1491,1499,1813,2220,3921,2025-03-17 14:21:29
78,20241,월곡2동,18900,8965,9935,2131,3483,2565,2489,2953,5279,1111,1367,1337,1250,1491,2409,1020,2116,1228,1239,1462,2870,2025-03-17 14:21:29
79,20241,중곡3동,15681,7737,7944,1436,2305,2714,2050,2676,4500,741,1106,1417,1078,1317,2078,695,1199,1297,972,1359,2422,2025-03-17 14:21:30
80,20241,풍납1동,11750,5769,5981,1225,1267,1627,1584,1988,4059,678,652,855,801,967,1816,547,615,772,783,1021,2243,2025-03-17 14:21:30
81,20241,염리동,16719,7963,8756,2922,2412,2746,3054,2505,3080,1465,1091,1321,1477,1269,1340,1457,1321,1425,1577,1236,1740,2025-03-17 14:21:30
82,20241,성수2가1동,14544,7539,7005,1301,1837,2399,1889,2557,4561,659,949,1295,1018,1355,2263,642,888,1104,871,1202,2298,2025-03-17 14:21:30
83,20241,화곡3동,21093,10044,11049,2563,2979,3092,3065,3165,6229,1353,1342,1515,1497,1486,2851,1210,1637,1577,1568,1679,3378,2025-03-17 14:21:30
84,20241,신사동,15436,7204,8232,2348,1899,2022,2506,2568,4093,1199,878,914,1115,1255,1843,1149,1021,1108,1391,1313,2250,2025-03-17 14:21:30
85,20241,용문동,11380,5423,5957,1264,1613,1939,1576,1846,3142,631,762,981,793,893,1363,633,851,958,783,953,1779,2025-03-17 14:21:30
86,20241,신대방1동,23282,11152,12130,3513,3325,3095,3612,3868,5869,1727,1572,1552,1714,1915,2672,1786,1753,1543,1898,1953,3197,2025-03-17 14:21:30
87,20241,암사1동,33825,16775,17050,4027,4289,4876,5160,5816,9657,2023,2232,2550,2678,2857,4435,2004,2057,2326,2482,2959,5222,2025-03-17 14:21:30
88,20241,행당1동,13629,6526,7103,1824,2164,2212,2056,2161,3212,898,995,1102,1011,1023,1497,926,1169,1110,1045,1138,1715,2025-03-17 14:21:30
89,20241,금호4가동,14142,6694,7448,2116,1311,2308,2621,2123,3663,1098,661,1063,1289,1045,1538,1018,650,1245,1332,1078,2125,2025-03-17 14:21:30
90,20241,도곡1동,20005,9502,10503,3672,2411,2742,3513,3246,4421,1738,1167,1256,1631,1620,2090,1934,1244,1486,1882,1626,2331,2025-03-17 14:21:30
91,20241,창신1동,4523,2397,2126,280,522,621,501,840,1759,149,271,355,273,441,908,131,251,266,228,399,851,2025-03-17 14:21:30
92,20241,잠실2동,34909,16705,18204,9113,3341,3220,8042,5660,5533,4653,1533,1304,3688,3000,2527,4460,1808,1916,4354,2660,3006,2025-03-17 14:21:30
93,20241,성내3동,22433,10963,11470,2471,3268,3311,3357,3800,6226,1392,1667,1703,1625,1817,2759,1079,1601,1608,1732,1983,3467,2025-03-17 14:21:31
94,20241,방배3동,15757,7500,8257,2670,1800,1874,2500,2602,4311,1335,894,849,1141,1243,2038,1335,906,1025,1359,1359,2273,2025-03-17 14:21:31
95,20241,시흥2동,20564,9831,10733,3156,2108,2230,2999,3655,6416,1549,1075,1111,1432,1737,2927,1607,1033,1119,1567,1918,3489,2025-03-17 14:21:31
96,20241,상계6·7동,31400,14467,16933,4531,4011,4657,4833,5511,7857,2328,1908,2248,2223,2475,3285,2203,2103,2409,2610,3036,4572,2025-03-17 14:21:31
97,20241,일원2동,16833,8153,8680,2624,1629,2392,2921,2447,4820,1590,869,1165,1377,1194,1958,1034,760,1227,1544,1253,2862,2025-03-17 14:21:31
98,20241,개포1동,6765,3265,3500,1151,649,638,1068,1017,2242,559,319,289,499,510,1089,592,330,349,569,507,1153,2025-03-17 14:21:31
99,20241,수유1동,19842,9710,10132,1918,2797,2644,2591,3325,6567,967,1300,1448,1389,1649,2957,951,1497,1196,1202,1676,3610,2025-03-17 14:21:31
100,20241,충현동,19682,9454,10228,2309,3004,3356,2797,3158,5058,1143,1369,1646,1413,1560,2323,1166,1635,1710,1384,1598,2735,2025-03-17 14:21:31
101,20241,사당1동,22415,10798,11617,1388,5074,4744,2832,2807,5570,740,2283,2484,1498,1312,2481,648,2791,2260,1334,1495,3089,2025-03-17 14:21:31
102,20241,역삼2동,36348,16944,19404,7981,4370,4509,8338,5910,5240,3733,1871,2047,3684,3231,2378,4248,2499,2462,4654,2679,2862,2025-03-17 14:21:31
103,20241,둔촌2동,24228,11861,12367,3360,3110,3688,3495,3911,6664,1764,1532,1874,1752,1868,3071,1596,1578,1814,1743,2043,3593,2025-03-17 14:21:31
104,20241,상계3·4동,27489,13675,13814,3585,3100,2909,3876,4953,9066,1887,1634,1567,1965,2469,4153,1698,1466,1342,1911,2484,4913,2025-03-17 14:21:31
105,20241,송중동,28576,13737,14839,3126,3770,3735,4089,4933,8923,1540,1822,1902,2089,2365,4019,1586,1948,1833,2000,2568,4904,2025-03-17 14:21:32
106,20241,신내1동,37757,18186,19571,6092,4249,4537,5613,6197,11069,3123,2172,2232,2746,2917,4996,2969,2077,2305,2867,3280,6073,2025-03-17 14:21:32
107,20241,상도1동,44464,21556,22908,5282,10237,5927,5858,6511,10649,2652,5321,2989,2814,3092,4688,2630,4916,2938,3044,3419,5961,2025-03-17 14:21:32
108,20241,노량진2동,10181,5312,4869,556,1990,1838,1163,1466,3168,274,1025,1095,672,786,1460,282,965,743,491,680,1708,2025-03-17 14:21:32
109,20241,남현동,17668,8549,9119,1419,3785,3659,2115,2398,4292,719,1752,1971,1069,1113,1925,700,2033,1688,1046,1285,2367,2025-03-17 14:21:32
110,20241,가락본동,25171,12461,12710,2965,3485,4476,3545,4192,6508,1512,1737,2282,1800,1984,3146,1453,1748,2194,1745,2208,3362,2025-03-17 14:21:32
111,20241,전농1동,32107,15979,16128,4034,4839,4460,4730,5311,8733,2037,2340,2296,2466,2739,4101,1997,2499,2164,2264,2572,4632,2025-03-17 14:21:32
112,20241,서초4동,30281,14804,15477,6584,3448,3064,5826,5248,6111,3449,1710,1331,2710,2676,2928,3135,1738,1733,3116,2572,3183,2025-03-17 14:21:32
113,20241,개포2동,41708,20173,21535,8783,4683,6170,7516,6679,7877,4470,2293,2841,3485,3295,3789,4313,2390,3329,4031,3384,4088,2025-03-17 14:21:32
114,20241,정릉2동,22510,10838,11672,2837,3023,2989,3163,3828,6670,1473,1502,1484,1602,1836,2941,1364,1521,1505,1561,1992,3729,2025-03-17 14:21:32
115,20241,이문1동,17724,8739,8985,1705,5173,2026,1959,2472,4389,861,2456,1156,1006,1278,1982,844,2717,870,953,1194,2407,2025-03-17 14:21:32
116,20241,낙성대동,17211,8618,8593,1292,5749,3833,1853,1665,2819,641,2714,2115,999,881,1268,651,3035,1718,854,784,1551,2025-03-17 14:21:32
117,20241,거여1동,12011,6013,5998,1339,1588,1640,1595,2163,3686,704,811,863,812,1096,1727,635,777,777,783,1067,1959,2025-03-17 14:21:32
118,20241,잠실본동,27731,13208,14523,2445,4952,6226,4164,3970,5974,1245,2180,3103,2048,1922,2710,1200,2772,3123,2116,2048,3264,2025-03-17 14:21:33
119,20241,삼성1동,12134,5938,6196,1774,1553,1712,1917,2050,3128,949,838,826,882,984,1459,825,715,886,1035,1066,1669,2025-03-17 14:21:33
120,20241,대치2동,38212,19396,18816,8922,4008,3306,7349,6670,7957,5235,2160,1541,3164,3430,3866,3687,1848,1765,4185,3240,4091,2025-03-17 14:21:33
121,20241,구로4동,18646,8980,9666,1480,2506,2746,2349,3122,6443,763,1189,1412,1235,1543,2838,717,1317,1334,1114,1579,3605,2025-03-17 14:21:33
122,20241,중계4동,19114,9151,9963,2800,2288,1812,2878,3591,5745,1472,1192,916,1357,1778,2436,1328,1096,896,1521,1813,3309,2025-03-17 14:21:33
123,20241,상계2동,19105,9426,9679,2261,2910,2133,2514,3737,5550,1105,1496,1122,1253,1834,2616,1156,1414,1011,1261,1903,2934,2025-03-17 14:21:33
124,20241,구의2동,25468,12150,13318,3443,3280,3587,3950,4410,6798,1753,1577,1763,1923,2085,3049,1690,1703,1824,2027,2325,3749,2025-03-17 14:21:33
125,20241,신월7동,18588,9029,9559,1852,2130,2501,2418,3218,6469,961,1092,1338,1272,1561,2805,891,1038,1163,1146,1657,3664,2025-03-17 14:21:33
126,20241,등촌1동,24933,11521,13412,2379,4735,6640,3456,3071,4652,1282,1883,3074,1772,1444,2066,1097,2852,3566,1684,1627,2586,2025-03-17 14:21:33
127,20241,삼청동,2247,1075,1172,248,238,283,316,351,811,133,121,131,153,171,366,115,117,152,163,180,445,2025-03-17 14:21:33
128,20241,구산동,31429,15279,16150,3813,4234,3793,4530,5645,9414,1895,1984,1896,2313,2740,4451,1918,2250,1897,2217,2905,4963,2025-03-17 14:21:33
129,20241,신당5동,10151,4914,5237,966,1494,1791,1397,1757,2746,462,664,898,727,910,1253,504,830,893,670,847,1493,2025-03-17 14:21:33
130,20241,자양2동,23591,11450,12141,2882,3208,3682,3540,3903,6376,1468,1588,1859,1734,1849,2952,1414,1620,1823,1806,2054,3424,2025-03-17 14:21:33
131,20241,고덕1동,23932,12182,11750,6073,1949,2426,5297,3431,4756,3392,1057,1132,2557,1813,2231,2681,892,1294,2740,1618,2525,2025-03-17 14:21:34
132,20241,신정1동,19716,9582,10134,4413,2061,1765,3859,3370,4248,2279,1053,814,1774,1702,1960,2134,1008,951,2085,1668,2288,2025-03-17 14:21:34
133,20241,정릉4동,24009,11457,12552,3160,3050,2863,3583,4243,7110,1633,1504,1431,1747,2059,3083,1527,1546,1432,1836,2184,4027,2025-03-17 14:21:34
134,20241,소공동,2178,1027,1151,289,218,442,514,320,395,130,79,205,250,170,193,159,139,237,264,150,202,2025-03-17 14:21:34
135,20241,공덕동,36426,16993,19433,4002,5749,6487,4980,6129,9079,2074,2349,3100,2501,2951,4018,1928,3400,3387,2479,3178,5061,2025-03-17 14:21:34
136,20241,대림3동,21488,10727,10761,2133,2698,3121,2678,3864,6994,1068,1431,1681,1388,1889,3270,1065,1267,1440,1290,1975,3724,2025-03-17 14:21:34
137,20241,면목4동,18121,9021,9100,1938,2212,2460,2636,3198,5677,1015,1143,1274,1399,1637,2553,923,1069,1186,1237,1561,3124,2025-03-17 14:21:34
138,20241,남가좌1동,16699,7994,8705,3810,1559,2235,3430,2364,3301,1914,728,970,1742,1171,1469,1896,831,1265,1688,1193,1832,2025-03-17 14:21:34
139,20241,종로5·6가동,5376,2824,2552,359,1180,886,571,855,1525,161,546,493,322,494,808,198,634,393,249,361,717,2025-03-17 14:21:34
140,20241,왕십리2동,15974,7663,8311,2097,2174,2781,2315,2596,4011,1065,1012,1354,1158,1260,1814,1032,1162,1427,1157,1336,2197,2025-03-17 14:21:34
141,20241,장충동,4549,2371,2178,389,1271,663,499,578,1149,201,707,374,262,303,524,188,564,289,237,275,625,2025-03-17 14:21:34
142,20241,가락1동,27469,13286,14183,5719,2571,4733,4925,3631,5890,2940,1266,2134,2441,1684,2821,2779,1305,2599,2484,1947,3069,2025-03-17 14:21:34
143,20241,응봉동,14940,7088,7852,2460,1666,2031,2607,2508,3668,1275,779,973,1230,1227,1604,1185,887,1058,1377,1281,2064,2025-03-17 14:21:35
144,20241,신정6동,23959,11598,12361,5302,2631,2449,4474,4245,4858,2727,1336,1137,1998,2058,2342,2575,1295,1312,2476,2187,2516,2025-03-17 14:21:35
145,20241,서초2동,24636,11631,13005,4292,3376,4799,4571,3206,4392,2197,1428,2184,2145,1610,2067,2095,1948,2615,2426,1596,2325,2025-03-17 14:21:35
146,20241,신길7동,19779,9835,9944,3668,2416,3282,3383,2949,4081,1923,1236,1634,1715,1402,1925,1745,1180,1648,1668,1547,2156,2025-03-17 14:21:35
147,20241,잠실6동,16514,7825,8689,2948,1768,1981,2777,2606,4434,1498,849,896,1280,1210,2092,1450,919,1085,1497,1396,2342,2025-03-17 14:21:35
148,20241,인수동,29069,14019,15050,3074,3468,3443,3874,4989,10221,1558,1693,1814,2007,2413,4534,1516,1775,1629,1867,2576,5687,2025-03-17 14:21:35
149,20241,돈암1동,14260,6652,7608,1740,1842,1866,1829,2593,4390,863,839,920,884,1225,1921,877,1003,946,945,1368,2469,2025-03-17 14:21:35
150,20241,반포1동,33740,16468,17272,6962,3952,5028,7041,4810,5947,3526,1859,2391,3421,2586,2685,3436,2093,2637,3620,2224,3262,2025-03-17 14:21:35
151,20241,보라매동,23092,11443,11649,2135,4351,4053,2939,3266,6348,1108,2104,2267,1535,1611,2818,1027,2247,1786,1404,1655,3530,2025-03-17 14:21:35
152,20241,행운동,28758,13926,14832,2079,7607,5942,3444,3392,6294,1032,3393,3181,1793,1694,2833,1047,4214,2761,1651,1698,3461,2025-03-17 14:21:35
153,20241,인헌동,25385,12283,13102,2133,5807,4960,3141,3495,5849,1113,2693,2564,1628,1664,2621,1020,3114,2396,1513,1831,3228,2025-03-17 14:21:35
154,20241,중앙동,15126,7305,7821,856,4374,3231,1662,1659,3344,428,1901,1723,885,843,1525,428,2473,1508,777,816,1819,2025-03-17 14:21:35
155,20241,정릉3동,14934,7431,7503,1346,3370,1799,1548,2287,4584,727,1866,1016,789,1107,1926,619,1504,783,759,1180,2658,2025-03-17 14:21:35
156,20241,하계1동,26128,12492,13636,3719,4532,2631,3348,4814,7084,2010,2414,1350,1483,2327,2908,1709,2118,1281,1865,2487,4176,2025-03-17 14:21:36
157,20241,갈현2동,27415,12947,14468,3291,3884,3568,4064,4876,7732,1668,1830,1798,1990,2289,3372,1623,2054,1770,2074,2587,4360,2025-03-17 14:21:36
158,20241,응암3동,23429,11287,12142,1971,3287,3255,3038,3863,8015,1007,1608,1710,1566,1944,3452,964,1679,1545,1472,1919,4563,2025-03-17 14:21:36
159,20241,양재2동,21157,10608,10549,2407,3148,4068,3407,3370,4757,1287,1596,2135,1731,1659,2200,1120,1552,1933,1676,1711,2557,2025-03-17 14:21:36
160,20241,방이2동,26094,11878,14216,2020,5130,6448,3632,3345,5519,1095,1992,2941,1815,1528,2507,925,3138,3507,1817,1817,3012,2025-03-17 14:21:36
161,20241,신림동,22622,12090,10532,681,8720,6189,2449,1806,2777,339,4196,3697,1470,1065,1323,342,4524,2492,979,741,1454,2025-03-17 14:21:36
162,20241,성현동,28222,13577,14645,4164,3618,3398,4450,4782,7810,2139,1817,1711,2188,2379,3343,2025,1801,1687,2262,2403,4467,2025-03-17 14:21:36
163,20241,홍은2동,28505,13661,14844,3665,4137,3981,4039,4803,7880,1842,2036,2064,1977,2303,3439,1823,2101,1917,2062,2500,4441,2025-03-17 14:21:36
164,20241,천호1동,25942,12735,13207,2644,3280,3850,3678,4341,8149,1336,1635,2042,1904,2121,3697,1308,1645,1808,1774,2220,4452,2025-03-17 14:21:36
165,20241,왕십리도선동,26181,12283,13898,3603,4013,4411,3895,4311,5948,1870,1726,1993,1935,2031,2728,1733,2287,2418,1960,2280,3220,2025-03-17 14:21:36
166,20241,영등포본동,20784,10610,10174,2250,2779,3244,2796,3528,6187,1146,1447,1720,1487,1811,2999,1104,1332,1524,1309,1717,3188,2025-03-17 14:21:36
167,20241,동선동,14977,6196,8781,1236,4651,2419,1762,1909,3000,530,1380,1182,862,929,1313,706,3271,1237,900,980,1687,2025-03-17 14:21:36
168,20241,문래동,32022,15577,16445,5830,3503,5493,5961,4494,6741,3011,1666,2607,2973,2241,3079,2819,1837,2886,2988,2253,3662,2025-03-17 14:21:37
169,20241,공항동,29436,14868,14568,5076,3657,4857,5192,4101,6553,2565,1882,2527,2788,2080,3026,2511,1775,2330,2404,2021,3527,2025-03-17 14:21:37
170,20241,염창동,41250,19807,21443,7769,5314,7231,7299,6159,7478,3977,2438,3285,3558,3052,3497,3792,2876,3946,3741,3107,3981,2025-03-17 14:21:37
171,20241,신길1동,19314,9780,9534,1597,3601,3596,2448,2904,5168,795,1732,2004,1361,1525,2363,802,1869,1592,1087,1379,2805,2025-03-17 14:21:37
172,20241,증산동,18240,8840,9400,2403,2357,2626,2570,3089,5195,1238,1129,1287,1288,1522,2376,1165,1228,1339,1282,1567,2819,2025-03-17 14:21:37
173,20241,개봉1동,33122,16420,16702,4134,3960,5015,4572,5483,9958,2116,2009,2567,2341,2714,4673,2018,1951,2448,2231,2769,5285,2025-03-17 14:21:37
174,20241,독산2동,17737,8915,8822,1694,2337,2512,2178,3358,5658,895,1171,1380,1144,1658,2667,799,1166,1132,1034,1700,2991,2025-03-17 14:21:37
175,20241,상계1동,36834,17688,19146,4724,4544,4401,5069,6715,11381,2412,2270,2211,2455,3143,5197,2312,2274,2190,2614,3572,6184,2025-03-17 14:21:37
176,20241,화곡4동,19720,9668,10052,2041,2499,2933,3042,3276,5929,1090,1274,1541,1580,1568,2615,951,1225,1392,1462,1708,3314,2025-03-17 14:21:37
177,20241,성수2가3동,10021,4999,5022,940,1628,1835,1322,1581,2715,499,769,880,688,811,1352,441,859,955,634,770,1363,2025-03-17 14:21:37
178,20241,보광동,11134,5572,5562,801,1494,1758,1493,2011,3577,465,846,1015,771,992,1483,336,648,743,722,1019,2094,2025-03-17 14:21:37
179,20241,서빙고동,12443,5999,6444,2037,1557,1436,2157,2147,3109,1026,794,705,1045,1016,1413,1011,763,731,1112,1131,1696,2025-03-17 14:21:37
180,20241,한강로동,20977,9895,11082,2206,3206,4813,2844,3197,4711,1136,1360,2240,1369,1507,2283,1070,1846,2573,1475,1690,2428,2025-03-17 14:21:37
181,20241,청량리동,18688,9202,9486,1546,2215,2135,2155,3063,7574,790,1110,1148,1138,1553,3463,756,1105,987,1017,1510,4111,2025-03-17 14:21:38
182,20241,효창동,10665,5044,5621,1426,1614,1969,1591,1728,2337,728,741,958,778,798,1041,698,873,1011,813,930,1296,2025-03-17 14:21:38
183,20241,송파1동,23353,10821,12532,2098,4019,5392,3349,3167,5328,1026,1767,2648,1564,1387,2429,1072,2252,2744,1785,1780,2899,2025-03-17 14:21:38
184,20241,목1동,30276,14544,15732,7467,2982,2754,6476,5153,5444,3731,1465,1184,2933,2662,2569,3736,1517,1570,3543,2491,2875,2025-03-17 14:21:38
185,20241,신정7동,28275,13546,14729,4859,2968,2931,4625,4979,7913,2510,1529,1444,2189,2445,3429,2349,1439,1487,2436,2534,4484,2025-03-17 14:21:38
186,20241,난향동,14726,7199,7527,2213,1623,1548,2518,2694,4130,1114,843,759,1245,1391,1847,1099,780,789,1273,1303,2283,2025-03-17 14:21:38
187,20241,당산2동,36667,17117,19550,4697,6732,8189,5239,4671,7139,2397,2651,3855,2603,2248,3363,2300,4081,4334,2636,2423,3776,2025-03-17 14:21:38
188,20241,회현동,4380,2304,2076,365,418,528,531,793,1745,186,209,260,285,427,937,179,209,268,246,366,808,2025-03-17 14:21:38
189,20241,방화2동,22596,11171,11425,2247,3015,3725,3014,3425,7170,1196,1443,1977,1576,1789,3190,1051,1572,1748,1438,1636,3980,2025-03-17 14:21:38
190,20241,대흥동,14719,7124,7595,1471,3656,2555,2017,2108,2912,764,1618,1311,1011,1077,1343,707,2038,1244,1006,1031,1569,2025-03-17 14:21:38
191,20241,홍제1동,24704,11553,13151,3208,3100,3607,3586,4205,6998,1566,1502,1708,1740,1984,3053,1642,1598,1899,1846,2221,3945,2025-03-17 14:21:38
192,20241,독산1동,45720,23242,22478,5294,7802,10015,6606,6356,9647,2682,3606,5435,3661,3232,4626,2612,4196,4580,2945,3124,5021,2025-03-17 14:21:38
193,20241,평창동,17366,8092,9274,2533,1997,2057,2484,3156,5139,1281,993,972,1124,1415,2307,1252,1004,1085,1360,1741,2832,2025-03-17 14:21:39
194,20241,이문2동,19385,9319,10066,2578,2642,2322,2758,3345,5740,1331,1188,1157,1404,1648,2591,1247,1454,1165,1354,1697,3149,2025-03-17 14:21:39
195,20241,마천1동,17982,9215,8767,2021,1988,1982,2356,3374,6261,1062,1028,1095,1248,1782,3000,959,960,887,1108,1592,3261,2025-03-17 14:21:39
196,20241,응암2동,27329,13188,14141,5321,2477,4191,5549,3913,5878,2764,1222,1924,2764,1945,2569,2557,1255,2267,2785,1968,3309,2025-03-17 14:21:39
197,20241,등촌3동,29390,13848,15542,3050,3235,4582,3612,4479,10432,1562,1614,2308,1779,2022,4563,1488,1621,2274,1833,2457,5869,2025-03-17 14:21:39
198,20241,다산동,13221,6412,6809,1114,2079,2167,1719,2138,4004,600,986,1118,888,1047,1773,514,1093,1049,831,1091,2231,2025-03-17 14:21:39
199,20241,신정3동,49523,23946,25577,8452,6003,5992,7797,8974,12305,4327,3061,2973,3729,4325,5531,4125,2942,3019,4068,4649,6774,2025-03-17 14:21:39
200,20241,행당2동,22851,10656,12195,3436,2579,3426,3583,3971,5856,1612,1198,1631,1718,1915,2582,1824,1381,1795,1865,2056,3274,2025-03-17 14:21:39
201,20241,구로1동,20519,10005,10514,3469,2418,3563,3529,3000,4540,1796,1149,1785,1744,1449,2082,1673,1269,1778,1785,1551,2458,2025-03-17 14:21:39
202,20241,상도2동,27084,12936,14148,4095,3942,4326,4416,4034,6271,2124,1819,2060,2193,1933,2807,1971,2123,2266,2223,2101,3464,2025-03-17 14:21:39
203,20241,잠실7동,9419,4382,5037,1435,1103,943,1245,1640,3053,655,540,418,546,766,1457,780,563,525,699,874,1596,2025-03-17 14:21:39
204,20241,방배4동,22754,10319,12435,3880,2825,3126,4033,3755,5135,1781,1248,1407,1758,1803,2322,2099,1577,1719,2275,1952,2813,2025-03-17 14:21:39
205,20241,돈암2동,23417,11070,12347,4248,2683,2749,3857,4362,5518,2135,1337,1297,1772,2082,2447,2113,1346,1452,2085,2280,3071,2025-03-17 14:21:39
206,20241,이촌1동,24933,11719,13214,4809,2548,2939,4157,4378,6102,2482,1260,1288,1898,2066,2725,2327,1288,1651,2259,2312,3377,2025-03-17 14:21:40
207,20241,창5동,23884,11392,12492,2882,3199,3393,3183,4238,6989,1480,1555,1690,1530,1944,3193,1402,1644,1703,1653,2294,3796,2025-03-17 14:21:40
208,20241,가양3동,14189,6504,7685,1059,1248,2945,1794,1889,5254,537,564,1429,938,914,2122,522,684,1516,856,975,3132,2025-03-17 14:21:40
209,20241,반포본동,117,49,68,17,21,6,22,21,30,7,8,3,8,9,14,10,13,3,14,12,16,2025-03-17 14:21:40
210,20241,수유3동,22988,11301,11687,1593,4229,3326,2913,3923,7004,802,1938,1813,1586,1992,3170,791,2291,1513,1327,1931,3834,2025-03-17 14:21:40
211,20241,전농2동,17954,8555,9399,2542,2005,2090,2664,3152,5501,1275,968,1069,1309,1513,2421,1267,1037,1021,1355,1639,3080,2025-03-17 14:21:40
212,20241,홍은1동,22158,10677,11481,2755,2645,2973,3146,3932,6707,1378,1319,1494,1595,1908,2983,1377,1326,1479,1551,2024,3724,2025-03-17 14:21:40
213,20241,대방동,35620,16775,18845,5172,6087,4944,5581,5718,8118,2530,2762,2441,2637,2851,3554,2642,3325,2503,2944,2867,4564,2025-03-17 14:21:40
214,20241,사당2동,27151,13012,14139,3253,3366,4288,3936,4344,7964,1763,1625,2088,1945,2078,3513,1490,1741,2200,1991,2266,4451,2025-03-17 14:21:40
215,20241,면목3·8동,24375,12017,12358,2142,3312,3569,3169,4356,7827,1079,1649,1881,1701,2150,3557,1063,1663,1688,1468,2206,4270,2025-03-17 14:21:40
216,20241,연남동,14202,6690,7512,1131,2880,2925,2106,1935,3225,567,1312,1448,1055,911,1397,564,1568,1477,1051,1024,1828,2025-03-17 14:21:40
217,20241,흑석동,29907,14490,15417,4507,4506,4057,4648,4932,7257,2291,2283,1959,2335,2359,3263,2216,2223,2098,2313,2573,3994,2025-03-17 14:21:40
218,20241,신사동,21969,11050,10919,1437,5696,4113,2543,2980,5200,774,2700,2341,1343,1481,2411,663,2996,1772,1200,1499,2789,2025-03-17 14:21:41
219,20241,묵2동,18004,8791,9213,1811,2385,2649,2549,3090,5520,933,1160,1356,1307,1520,2515,878,1225,1293,1242,1570,3005,2025-03-17 14:21:41
220,20241,장안1동,37191,18358,18833,4598,4828,5838,6095,5762,10070,2356,2242,3033,3148,2889,4690,2242,2586,2805,2947,2873,5380,2025-03-17 14:21:41
221,20241,삼성동,19970,9928,10042,1726,2177,2180,2482,3630,7775,935,1117,1241,1325,1836,3474,791,1060,939,1157,1794,4301,2025-03-17 14:21:41
222,20241,신촌동,20135,8693,11442,1336,8441,3650,1859,1895,2954,638,3121,1798,896,924,1316,698,5320,1852,963,971,1638,2025-03-17 14:21:41
223,20241,위례동,44857,21874,22983,12586,4244,6785,9367,5881,5994,6484,2092,3079,4600,2926,2693,6102,2152,3706,4767,2955,3301,2025-03-17 14:21:41
224,20241,면목7동,21190,10543,10647,2094,2678,3284,2861,3592,6681,1118,1293,1667,1548,1812,3105,976,1385,1617,1313,1780,3576,2025-03-17 14:21:41
225,20241,도봉1동,20030,9993,10037,1627,2142,2046,2499,3524,8192,827,1105,1098,1372,1771,3820,800,1037,948,1127,1753,4372,2025-03-17 14:21:41
226,20241,방학3동,26077,12624,13453,4026,2742,2845,3723,4468,8273,2182,1483,1465,1778,2040,3676,1844,1259,1380,1945,2428,4597,2025-03-17 14:21:41
227,20241,마장동,21556,10610,10946,2385,4066,3159,2625,3419,5902,1203,2027,1646,1335,1661,2738,1182,2039,1513,1290,1758,3164,2025-03-17 14:21:41
228,20241,사근동,11936,6247,5689,987,4917,1611,1041,1286,2094,475,2713,929,553,622,955,512,2204,682,488,664,1139,2025-03-17 14:21:41
229,20241,월계1동,20526,10528,9998,2380,3591,2369,2836,3322,6028,1259,2094,1290,1441,1677,2767,1121,1497,1079,1395,1645,3261,2025-03-17 14:21:41
230,20241,양평1동,18114,8709,9405,2154,2938,4516,2950,2150,3406,1110,1174,2251,1539,1131,1504,1044,1764,2265,1411,1019,1902,2025-03-17 14:21:41
231,20241,신길3동,15950,7852,8098,2044,1875,2360,2308,2655,4708,1033,936,1204,1220,1335,2124,1011,939,1156,1088,1320,2584,2025-03-17 14:21:42
232,20241,대치4동,18614,8869,9745,2804,2971,3067,3410,3345,3017,1529,1449,1455,1450,1639,1347,1275,1522,1612,1960,1706,1670,2025-03-17 14:21:42
233,20241,구의1동,21448,10252,11196,1689,4498,4386,2917,3119,4839,839,2008,2240,1493,1505,2167,850,2490,2146,1424,1614,2672,2025-03-17 14:21:42
234,20241,시흥5동,18167,9067,9100,1876,2073,2144,2296,3311,6467,956,1075,1184,1215,1710,2927,920,998,960,1081,1601,3540,2025-03-17 14:21:42
235,20241,망원1동,19151,8899,10252,1831,3093,3611,2937,2888,4791,909,1404,1717,1425,1403,2041,922,1689,1894,1512,1485,2750,2025-03-17 14:21:42
236,20241,공릉1동,35959,17381,18578,3930,6593,4943,4951,5445,10097,2028,3169,2510,2495,2673,4506,1902,3424,2433,2456,2772,5591,2025-03-17 14:21:42
237,20241,방화3동,21991,10634,11357,2422,1964,3367,3227,3271,7740,1255,1011,1720,1638,1625,3385,1167,953,1647,1589,1646,4355,2025-03-17 14:21:42
238,20241,등촌2동,19312,9398,9914,2375,2697,3298,2778,2997,5167,1313,1328,1653,1373,1366,2365,1062,1369,1645,1405,1631,2802,2025-03-17 14:21:42
239,20241,가회동,3849,1787,2062,459,406,499,633,687,1165,247,188,228,295,331,498,212,218,271,338,356,667,2025-03-17 14:21:42
240,20241,청구동,12955,6117,6838,1365,1575,2127,1648,2147,4093,687,761,1047,815,1015,1792,678,814,1080,833,1132,2301,2025-03-17 14:21:42
241,20241,세곡동,45513,21325,24188,8706,5330,7034,8065,6259,10119,4379,2341,3273,3883,3042,4407,4327,2989,3761,4182,3217,5712,2025-03-17 14:21:42
242,20241,숭인1동,5768,2797,2971,531,721,792,805,1099,1820,267,341,404,420,557,808,264,380,388,385,542,1012,2025-03-17 14:21:42
243,20241,부암동,9034,4284,4750,1191,1096,1158,1374,1626,2589,629,563,566,611,752,1163,562,533,592,763,874,1426,2025-03-17 14:21:42
244,20241,창신2동,7511,3880,3631,498,954,881,818,1665,2695,263,498,514,454,861,1290,235,456,367,364,804,1405,2025-03-17 14:21:43
245,20241,시흥4동,19366,9586,9780,2035,2302,2358,2452,3576,6643,1027,1187,1258,1243,1712,3159,1008,1115,1100,1209,1864,3484,2025-03-17 14:21:43
246,20241,강일동,44257,21047,23210,8773,4901,5797,7171,6561,11054,4522,2397,2690,3476,3173,4789,4251,2504,3107,3695,3388,6265,2025-03-17 14:21:43
247,20241,자양3동,27193,12991,14202,4362,3434,3864,4233,4540,6760,2185,1714,1809,1976,2183,3124,2177,1720,2055,2257,2357,3636,2025-03-17 14:21:43
248,20241,고척1동,26314,13106,13208,3502,3309,5100,3600,4025,6778,1809,1668,2610,1872,1970,3177,1693,1641,2490,1728,2055,3601,2025-03-17 14:21:43
249,20241,용답동,11809,6118,5691,818,2551,1989,1397,1892,3162,423,1141,1057,793,1122,1582,395,1410,932,604,770,1580,2025-03-17 14:21:43
250,20241,가양1동,33880,15206,18674,3024,7788,8937,4444,4089,5598,1562,2560,4210,2239,2005,2630,1462,5228,4727,2205,2084,2968,2025-03-17 14:21:43
251,20241,반포4동,18474,8654,9820,3522,2071,2343,3241,3078,4219,1824,1001,1032,1431,1463,1903,1698,1070,1311,1810,1615,2316,2025-03-17 14:21:43
252,20241,번2동,14866,7134,7732,1327,1830,1585,1928,2530,5666,704,929,841,1017,1251,2392,623,901,744,911,1279,3274,2025-03-17 14:21:43
253,20241,약수동,16086,7419,8667,1717,1772,2258,2206,2653,5480,857,847,1092,1072,1215,2336,860,925,1166,1134,1438,3144,2025-03-17 14:21:43
254,20241,청림동,14726,7103,7623,2130,1620,2373,2293,2285,4025,1097,803,1211,1152,1111,1729,1033,817,1162,1141,1174,2296,2025-03-17 14:21:43
255,20241,청담동,24535,11449,13086,3849,3131,3696,4401,3973,5485,2074,1435,1595,1986,1847,2512,1775,1696,2101,2415,2126,2973,2025-03-17 14:21:43
256,20241,명일1동,25279,12363,12916,4369,2720,3749,4145,3901,6395,2302,1410,1845,1996,1890,2920,2067,1310,1904,2149,2011,3475,2025-03-17 14:21:44
257,20241,잠실4동,21192,10213,10979,4930,1852,2399,4442,3132,4437,2566,916,1000,2108,1542,2081,2364,936,1399,2334,1590,2356,2025-03-17 14:21:44
258,20241,상계9동,19664,9212,10452,2759,2386,2669,2975,3517,5358,1424,1221,1335,1386,1595,2251,1335,1165,1334,1589,1922,3107,2025-03-17 14:21:44
259,20241,번3동,16356,7614,8742,1795,1693,1605,2139,2765,6359,903,865,821,1065,1370,2590,892,828,784,1074,1395,3769,2025-03-17 14:21:44
260,20241,구로3동,23287,12033,11254,2277,4387,4623,3707,3168,5125,1182,2176,2624,2014,1717,2320,1095,2211,1999,1693,1451,2805,2025-03-17 14:21:44
261,20241,송파2동,18476,8909,9567,2965,2336,2638,2935,2929,4673,1502,1110,1255,1444,1390,2208,1463,1226,1383,1491,1539,2465,2025-03-17 14:21:44
262,20241,상도3동,23844,11339,12505,2273,4063,3842,3224,3734,6708,1181,1858,1972,1603,1787,2938,1092,2205,1870,1621,1947,3770,2025-03-17 14:21:44
263,20241,삼전동,29062,13547,15515,2820,4764,6320,4660,4135,6363,1461,2110,3017,2246,1947,2766,1359,2654,3303,2414,2188,3597,2025-03-17 14:21:44
264,20241,거여2동,23596,11502,12094,3534,2477,3477,3649,3992,6467,1819,1260,1742,1833,1933,2915,1715,1217,1735,1816,2059,3552,2025-03-17 14:21:44
265,20241,석관동,33768,16684,17084,3630,4580,4600,4597,5650,10711,1912,2202,2398,2389,2833,4950,1718,2378,2202,2208,2817,5761,2025-03-17 14:21:44
266,20241,종암동,37648,18608,19040,5498,5426,4572,5812,6302,10038,2952,2834,2411,2827,3132,4452,2546,2592,2161,2985,3170,5586,2025-03-17 14:21:44
267,20241,신원동,17484,8937,8547,1072,4165,3321,2054,2330,4542,516,2106,2018,1100,1213,1984,556,2059,1303,954,1117,2558,2025-03-17 14:21:44
268,20241,도화동,20443,9697,10746,2696,2579,3498,2876,3292,5502,1398,1207,1717,1414,1534,2427,1298,1372,1781,1462,1758,3075,2025-03-17 14:21:44
269,20241,면목2동,23580,11697,11883,2277,2917,3417,3211,4445,7313,1165,1417,1781,1707,2245,3382,1112,1500,1636,1504,2200,3931,2025-03-17 14:21:44
270,20241,상도4동,27609,13396,14213,2921,4191,4518,3888,4345,7746,1541,2011,2349,2004,2068,3423,1380,2180,2169,1884,2277,4323,2025-03-17 14:21:44
271,20241,사당3동,23686,11429,12257,3299,2990,3605,3634,3482,6676,1684,1400,1713,1846,1680,3106,1615,1590,1892,1788,1802,3570,2025-03-17 14:21:45
272,20241,청룡동,35627,17102,18525,2496,11517,7376,3799,3839,6600,1205,5126,3882,1956,1952,2981,1291,6391,3494,1843,1887,3619,2025-03-17 14:21:45
273,20241,길음1동,34792,16426,18366,7906,3417,3683,7214,5810,6762,3941,1638,1646,3327,3045,2829,3965,1779,2037,3887,2765,3933,2025-03-17 14:21:45
274,20241,성북동,15875,7372,8503,1672,2533,2486,2202,2730,4252,852,1127,1210,1036,1273,1874,820,1406,1276,1166,1457,2378,2025-03-17 14:21:45
275,20241,성산1동,18543,8632,9911,1968,3017,3275,2964,2958,4361,931,1402,1584,1404,1444,1867,1037,1615,1691,1560,1514,2494,2025-03-17 14:21:45
276,20241,삼선동,22125,10481,11644,2473,4178,3060,2974,3789,5651,1264,1869,1503,1462,1907,2476,1209,2309,1557,1512,1882,3175,2025-03-17 14:21:45
277,20241,난곡동,25257,12654,12603,2430,3557,3407,3357,4375,8131,1236,1795,1868,1836,2178,3741,1194,1762,1539,1521,2197,4390,2025-03-17 14:21:45
278,20241,중화2동,23768,12182,11586,1842,3254,3585,3023,4241,7823,1006,1588,1903,1657,2228,3800,836,1666,1682,1366,2013,4023,2025-03-17 14:21:45
279,20241,중곡2동,20512,9636,10876,2069,3304,3661,2825,3343,5310,1053,1474,1777,1388,1528,2416,1016,1830,1884,1437,1815,2894,2025-03-17 14:21:45
280,20241,정릉1동,17732,8501,9231,2848,2228,2325,2923,2859,4549,1470,1082,1135,1429,1389,1996,1378,1146,1190,1494,1470,2553,2025-03-17 14:21:45
281,20241,수궁동,22707,11115,11592,2938,2615,2913,3392,3789,7060,1550,1379,1474,1705,1794,3213,1388,1236,1439,1687,1995,3847,2025-03-17 14:21:45
282,20241,대림1동,13711,6805,6906,1441,1798,1785,1826,2344,4517,792,898,972,983,1124,2036,649,900,813,843,1220,2481,2025-03-17 14:21:45
283,20241,신월1동,19365,9957,9408,1836,2238,2462,2677,3485,6667,951,1132,1379,1480,1803,3212,885,1106,1083,1197,1682,3455,2025-03-17 14:21:45
284,20241,목4동,24428,11899,12529,3976,3730,2695,3867,4890,5270,2049,1953,1381,1723,2424,2369,1927,1777,1314,2144,2466,2901,2025-03-17 14:21:45
285,20241,화곡본동,32956,15959,16997,3601,5536,6108,5100,4798,7813,1889,2518,3225,2627,2316,3384,1712,3018,2883,2473,2482,4429,2025-03-17 14:21:45
286,20241,가리봉동,8713,4797,3916,403,1587,1426,892,1567,2838,222,812,907,517,913,1426,181,775,519,375,654,1412,2025-03-17 14:21:46
287,20241,방학1동,27745,13722,14023,3234,3491,3050,3788,5097,9085,1657,1718,1592,1916,2548,4291,1577,1773,1458,1872,2549,4794,2025-03-17 14:21:46
288,20241,신도림동,35977,17321,18656,6560,4183,5844,6488,5387,7515,3327,1918,2724,3130,2651,3571,3233,2265,3120,3358,2736,3944,2025-03-17 14:21:46
289,20241,중곡1동,15218,7204,8014,1230,2805,3048,1945,2312,3878,632,1127,1502,1038,1125,1780,598,1678,1546,907,1187,2098,2025-03-17 14:21:46
290,20241,후암동,16020,7744,8276,1795,2223,2747,2311,2626,4318,946,1085,1439,1120,1287,1867,849,1138,1308,1191,1339,2451,2025-03-17 14:21:46
291,20241,자양4동,19815,9797,10018,1688,3243,3332,2560,3149,5843,842,1547,1748,1331,1625,2704,846,1696,1584,1229,1524,3139,2025-03-17 14:21:46
292,20241,사당5동,14118,6733,7385,1744,1987,2508,2161,2141,3577,892,903,1242,1096,1027,1573,852,1084,1266,1065,1114,2004,2025-03-17 14:21:46
293,20241,성내1동,19392,9277,10115,2902,2484,2971,3248,2960,4827,1500,1192,1407,1575,1406,2197,1402,1292,1564,1673,1554,2630,2025-03-17 14:21:46
294,20241,압구정동,26119,12090,14029,4614,2812,2812,4414,4347,7120,2227,1332,1202,2000,2108,3221,2387,1480,1610,2414,2239,3899,2025-03-17 14:21:46
295,20241,신길5동,9947,4806,5141,1381,1074,1328,1490,1623,3051,691,523,669,771,795,1357,690,551,659,719,828,1694,2025-03-17 14:21:46
296,20241,신당동,7385,3600,3785,462,1299,1301,966,1192,2165,208,548,652,511,647,1034,254,751,649,455,545,1131,2025-03-17 14:21:46
297,20241,이태원1동,6015,3013,3002,440,862,1139,785,893,1896,220,475,651,411,416,840,220,387,488,374,477,1056,2025-03-17 14:21:46
298,20241,성수1가2동,11932,5820,6112,1337,1762,2314,1721,1844,2954,684,847,1142,830,931,1386,653,915,1172,891,913,1568,2025-03-17 14:21:46
299,20241,오금동,37341,18034,19307,5202,4669,5043,5341,6555,10531,2719,2407,2481,2576,3006,4845,2483,2262,2562,2765,3549,5686,2025-03-17 14:21:47
300,20241,개봉3동,19544,9486,10058,2153,2163,2439,2872,3410,6507,1071,1131,1284,1464,1636,2900,1082,1032,1155,1408,1774,3607,2025-03-17 14:21:47
301,20241,오류2동,37281,17771,19510,6048,4179,4524,5966,5977,10587,3079,2074,2193,2931,2847,4647,2969,2105,2331,3035,3130,5940,2025-03-17 14:21:47
302,20241,삼성2동,30579,14671,15908,5521,3838,4647,6146,5012,5415,3013,1795,2086,2747,2550,2480,2508,2043,2561,3399,2462,2935,2025-03-17 14:21:47
303,20241,홍제2동,13186,6166,7020,1523,1559,1871,1680,2414,4139,786,740,927,801,1119,1793,737,819,944,879,1295,2346,2025-03-17 14:21:47
304,20241,문정1동,19502,9647,9855,2438,2819,3305,2734,3098,5108,1269,1413,1696,1389,1433,2447,1169,1406,1609,1345,1665,2661,2025-03-17 14:21:47
305,20241,서교동,24037,10999,13038,1635,5914,5368,3403,3103,4614,801,2535,2555,1610,1482,2016,834,3379,2813,1793,1621,2598,2025-03-17 14:21:47
306,20241,송정동,9719,5095,4624,857,1443,1547,1314,1704,2854,465,712,854,731,911,1422,392,731,693,583,793,1432,2025-03-17 14:21:47
307,20241,답십리1동,27834,13376,14458,4184,3822,4851,4651,4043,6283,2126,1689,2278,2374,2005,2904,2058,2133,2573,2277,2038,3379,2025-03-17 14:21:47
308,20241,옥수동,25399,11775,13624,3895,2444,4547,4429,3813,6271,1930,1143,2043,2163,1787,2709,1965,1301,2504,2266,2026,3562,2025-03-17 14:21:47
309,20241,내곡동,17000,8222,8778,2978,1636,2294,2922,2424,4746,1530,839,1070,1447,1169,2167,1448,797,1224,1475,1255,2579,2025-03-17 14:21:47
310,20241,개봉2동,29724,14398,15326,3680,3251,3930,4387,4747,9729,1864,1598,1963,2241,2295,4437,1816,1653,1967,2146,2452,5292,2025-03-17 14:21:47
311,20241,장안2동,32376,16042,16334,5322,3614,4637,5737,5003,8063,2817,1806,2321,2898,2502,3698,2505,1808,2316,2839,2501,4365,2025-03-17 14:21:48
312,20241,잠원동,26800,12898,13902,5125,3295,3328,4910,4879,5263,2649,1648,1503,2236,2437,2425,2476,1647,1825,2674,2442,2838,2025-03-17 14:21:48
313,20241,신사2동,18907,9370,9537,2190,2440,2592,2704,3220,5761,1191,1269,1334,1379,1573,2624,999,1171,1258,1325,1647,3137,2025-03-17 14:21:48
314,20241,오륜동,17799,8725,9074,3619,1925,1601,3036,3015,4603,1962,1032,698,1341,1469,2223,1657,893,903,1695,1546,2380,2025-03-17 14:21:48
315,20241,상계8동,21848,10388,11460,3644,2362,4739,3591,3102,4410,1839,1172,2348,1737,1452,1840,1805,1190,2391,1854,1650,2570,2025-03-17 14:21:48
316,20241,도봉2동,25990,12683,13307,2824,2705,3335,3398,4204,9524,1447,1384,1689,1779,2024,4360,1377,1321,1646,1619,2180,5164,2025-03-17 14:21:48
317,20241,상계10동,18184,8356,9828,2697,2279,2871,2783,3188,4366,1366,1065,1371,1291,1420,1843,1331,1214,1500,1492,1768,2523,2025-03-17 14:21:48
318,20241,송천동,24748,12287,12461,2087,2986,2909,3147,4586,9033,1058,1508,1572,1654,2327,4168,1029,1478,1337,1493,2259,4865,2025-03-17 14:21:48
319,20241,홍제3동,17665,8453,9212,2103,2224,2424,2312,3090,5512,1077,1108,1198,1173,1508,2389,1026,1116,1226,1139,1582,3123,2025-03-17 14:21:48
320,20241,대학동,24237,14808,9429,1459,6378,5009,3401,3295,4695,752,3815,3441,2293,2154,2353,707,2563,1568,1108,1141,2342,2025-03-17 14:21:48
321,20241,마천2동,17575,8982,8593,1634,2032,1978,2304,3268,6359,835,1135,1114,1238,1651,3009,799,897,864,1066,1617,3350,2025-03-17 14:21:48
322,20241,석촌동,30682,14536,16146,2809,5023,6745,4605,4370,7130,1419,2187,3287,2285,2098,3260,1390,2836,3458,2320,2272,3870,2025-03-17 14:21:48
323,20241,방배1동,16479,7678,8801,2228,2161,2666,2736,2463,4225,1150,1028,1218,1238,1139,1905,1078,1133,1448,1498,1324,2320,2025-03-17 14:21:49
324,20241,서원동,22908,12012,10896,1251,6434,5015,2651,2699,4858,661,3288,3009,1511,1321,2222,590,3146,2006,1140,1378,2636,2025-03-17 14:21:49
325,20241,서림동,23319,12975,10344,1537,5561,4791,3106,2996,5328,783,3141,3018,1882,1636,2515,754,2420,1773,1224,1360,2813,2025-03-17 14:21:49
326,20241,중화1동,18698,9211,9487,2064,2332,2956,2591,3007,5748,1042,1146,1536,1390,1439,2658,1022,1186,1420,1201,1568,3090,2025-03-17 14:21:49
327,20241,역삼1동,34082,16650,17432,2143,6658,9612,6069,4191,5409,1080,2810,4834,3106,2237,2583,1063,3848,4778,2963,1954,2826,2025-03-17 14:21:49
328,20241,망우본동,36438,17968,18470,4656,4442,6133,5059,5632,10516,2315,2037,3128,2666,2835,4987,2341,2405,3005,2393,2797,5529,2025-03-17 14:21:49
329,20241,불광1동,37509,17625,19884,4225,4651,5222,5340,6443,11628,2198,2193,2571,2609,3033,5021,2027,2458,2651,2731,3410,6607,2025-03-17 14:21:49
330,20241,방이1동,15091,7264,7827,2333,2083,2125,2358,2580,3612,1158,1043,1064,1096,1206,1697,1175,1040,1061,1262,1374,1915,2025-03-17 14:21:49
331,20241,신월5동,13979,6915,7064,1821,1815,1906,2083,2344,4010,958,900,1031,1043,1134,1849,863,915,875,1040,1210,2161,2025-03-17 14:21:49
332,20241,대림2동,11730,5740,5990,829,1815,1841,1392,1933,3920,414,895,987,743,979,1722,415,920,854,649,954,2198,2025-03-17 14:21:49
333,20241,개포4동,23151,11149,12002,3687,2869,3580,3762,3942,5311,1824,1445,1725,1797,1880,2478,1863,1424,1855,1965,2062,2833,2025-03-17 14:21:49
334,20241,중곡4동,27499,13389,14110,2662,3932,4025,3552,5090,8238,1386,1967,2097,1782,2372,3785,1276,1965,1928,1770,2718,4453,2025-03-17 14:21:49
335,20241,화곡1동,50743,24632,26111,4171,8918,10251,7286,7176,12941,2107,3937,5501,3794,3489,5804,2064,4981,4750,3492,3687,7137,2025-03-17 14:21:50
336,20241,청운효자동,11328,5174,6154,1676,1401,1510,1884,1911,2946,865,685,676,823,867,1258,811,716,834,1061,1044,1688,2025-03-17 14:21:50
337,20241,창신3동,6338,3119,3219,706,826,903,799,1177,1927,366,430,457,403,570,893,340,396,446,396,607,1034,2025-03-17 14:21:50
338,20241,여의동,33346,15644,17702,5267,3636,4891,5320,5307,8925,2653,1669,2225,2487,2546,4064,2614,1967,2666,2833,2761,4861,2025-03-17 14:21:50
339,20241,구로2동,22380,11215,11165,1783,2819,2668,2758,4223,8129,906,1417,1492,1479,2190,3731,877,1402,1176,1279,2033,4398,2025-03-17 14:21:50
340,20241,논현1동,20996,9908,11088,1371,3852,5204,3624,2772,4173,675,1714,2576,1695,1366,1882,696,2138,2628,1929,1406,2291,2025-03-17 14:21:50
341,20241,일원1동,14550,7048,7502,1576,1946,2115,2008,2140,4765,858,954,1080,1058,1028,2070,718,992,1035,950,1112,2695,2025-03-17 14:21:50
342,20241,방화1동,41828,20397,21431,7374,4497,5808,7134,6376,10639,3681,2218,2826,3561,3204,4907,3693,2279,2982,3573,3172,5732,2025-03-17 14:21:50
343,20241,금호2·3가동,21946,10443,11503,2829,2463,3779,3570,3530,5775,1450,1223,1831,1765,1676,2498,1379,1240,1948,1805,1854,3277,2025-03-17 14:21:50
344,20241,명동,2392,988,1404,162,233,286,339,437,935,83,102,141,139,187,336,79,131,145,200,250,599,2025-03-17 14:21:50
345,20241,신월4동,17445,8478,8967,2650,1940,2047,2818,2796,5194,1353,1035,1017,1420,1316,2337,1297,905,1030,1398,1480,2857,2025-03-17 14:21:50
346,20241,제기동,22962,11776,11186,1961,4356,2975,2601,3464,7605,1013,2305,1676,1434,1851,3497,948,2051,1299,1167,1613,4108,2025-03-17 14:21:50
347,20241,갈현1동,14470,7022,7448,1417,2099,2044,1968,2507,4435,780,1002,1088,993,1198,1961,637,1097,956,975,1309,2474,2025-03-17 14:21:50
348,20241,면목5동,14564,7254,7310,2166,1503,2461,2370,2359,3705,1092,770,1239,1261,1172,1720,1074,733,1222,1109,1187,1985,2025-03-17 14:21:51
349,20241,조원동,19598,9785,9813,1498,4367,4401,2410,2461,4461,760,1921,2348,1302,1299,2155,738,2446,2053,1108,1162,2306,2025-03-17 14:21:51
350,20241,발산1동,35643,16815,18828,7192,4277,3772,6448,6052,7902,3577,2108,1789,3013,2922,3406,3615,2169,1983,3435,3130,4496,2025-03-17 14:21:51
351,20241,광희동,5676,2808,2868,307,1154,1222,673,758,1562,159,454,650,345,416,784,148,700,572,328,342,778,2025-03-17 14:21:51
352,20241,안암동,14869,7492,7377,1094,5477,2031,1398,1902,2967,576,2817,1147,710,931,1311,518,2660,884,688,971,1656,2025-03-17 14:21:51
353,20241,쌍문2동,17905,8522,9383,1919,2161,2304,2455,3145,5921,1019,1072,1206,1250,1458,2517,900,1089,1098,1205,1687,3404,2025-03-17 14:21:51
354,20241,이촌2동,7870,3699,4171,869,833,1272,1131,1294,2471,425,418,640,551,626,1039,444,415,632,580,668,1432,2025-03-17 14:21:51
355,20241,신월6동,13867,6764,7103,2649,1421,2209,2369,2064,3155,1333,712,1050,1222,997,1450,1316,709,1159,1147,1067,1705,2025-03-17 14:21:51
356,20241,문정2동,28782,13195,15587,2904,4676,7307,4456,3472,5967,1440,1801,3302,2126,1668,2858,1464,2875,4005,2330,1804,3109,2025-03-17 14:21:51
357,20241,월계3동,28721,13754,14967,3604,3167,4255,4140,4550,9005,1901,1564,2158,2094,2172,3865,1703,1603,2097,2046,2378,5140,2025-03-17 14:21:51
358,20241,가양2동,13460,6313,7147,815,1307,2213,1362,1635,6128,434,570,1093,677,784,2755,381,737,1120,685,851,3373,2025-03-17 14:21:51
359,20241,잠실3동,33805,15960,17845,6578,3530,3519,6057,5459,8662,3272,1716,1492,2781,2674,4025,3306,1814,2027,3276,2785,4637,2025-03-17 14:21:51
360,20241,북가좌1동,17563,8389,9174,3067,1862,2117,2988,3001,4528,1608,899,980,1408,1495,1999,1459,963,1137,1580,1506,2529,2025-03-17 14:21:52
361,20241,장위2동,13080,6397,6683,1253,1748,1781,1629,2262,4407,650,854,919,876,1143,1955,603,894,862,753,1119,2452,2025-03-17 14:21:52
362,20241,용신동,38362,18958,19404,3880,6996,7010,5542,5577,9357,1971,3141,3504,2942,2924,4476,1909,3855,3506,2600,2653,4881,2025-03-17 14:21:52
363,20241,서초3동,31862,15138,16724,4233,5226,5306,4770,5156,7171,2285,2321,2452,2166,2550,3364,1948,2905,2854,2604,2606,3807,2025-03-17 14:21:52
364,20241,천호2동,32694,15924,16770,3070,4613,6011,4701,5084,9215,1569,2099,3053,2408,2498,4297,1501,2514,2958,2293,2586,4918,2025-03-17 14:21:52
365,20241,녹번동,36092,16943,19149,4214,4495,5670,5379,5807,10527,2055,2091,2752,2745,2767,4533,2159,2404,2918,2634,3040,5994,2025-03-17 14:21:52
366,20241,망우3동,15615,7869,7746,1418,1977,1954,1959,3002,5305,686,992,1066,1044,1503,2578,732,985,888,915,1499,2727,2025-03-17 14:21:52
367,20241,신수동,22046,10753,11293,3231,3303,3353,3486,3769,4904,1676,1715,1632,1655,1871,2204,1555,1588,1721,1831,1898,2700,2025-03-17 14:21:52
368,20241,월곡1동,25580,12324,13256,4029,2818,3214,4144,4342,7033,2015,1322,1595,2052,2170,3170,2014,1496,1619,2092,2172,3863,2025-03-17 14:21:52
369,20241,신대방2동,22684,10857,11827,3307,3677,3873,3490,3231,5106,1680,1686,1885,1710,1580,2316,1627,1991,1988,1780,1651,2790,2025-03-17 14:21:52
370,20241,장위3동,15519,7611,7908,2784,1948,2233,2635,2529,3390,1405,947,1076,1350,1245,1588,1379,1001,1157,1285,1284,1802,2025-03-17 14:21:52
371,20241,진관동,54368,25288,29080,10415,6706,6109,9196,9113,12829,5374,2925,2553,4158,4500,5778,5041,3781,3556,5038,4613,7051,2025-03-17 14:21:52
372,20241,역촌동,43767,20483,23284,4868,5864,5966,6675,7550,12844,2439,2804,2897,3284,3534,5525,2429,3060,3069,3391,4016,7319,2025-03-17 14:21:52
373,20241,천호3동,25969,12529,13440,2197,4210,5030,3486,3867,7179,1133,1782,2441,1810,1966,3397,1064,2428,2589,1676,1901,3782,2025-03-17 14:21:53
374,20241,망원2동,17917,8341,9576,2213,2552,2870,2842,2916,4524,1135,1123,1346,1365,1413,1959,1078,1429,1524,1477,1503,2565,2025-03-17 14:21:53
375,20241,번1동,17358,8652,8706,1339,2827,2519,2518,2901,5254,672,1323,1359,1386,1510,2402,667,1504,1160,1132,1391,2852,2025-03-17 14:21:53
376,20241,목3동,21206,10060,11146,2379,3090,3786,2997,3368,5586,1265,1485,1845,1444,1519,2502,1114,1605,1941,1553,1849,3084,2025-03-17 14:21:53
377,20241,오류1동,22559,10732,11827,2051,4022,4550,2980,3031,5925,1022,1640,2288,1531,1516,2735,1029,2382,2262,1449,1515,3190,2025-03-17 14:21:53
378,20241,성내2동,23452,11433,12019,1873,3921,4390,3062,3447,6759,986,1657,2269,1606,1749,3166,887,2264,2121,1456,1698,3593,2025-03-17 14:21:53
379,20241,독산3동,23433,11747,11686,1819,3579,3643,2766,4214,7412,910,1751,2030,1501,2044,3511,909,1828,1613,1265,2170,3901,2025-03-17 14:21:53
380,20241,원효로1동,16956,7874,9082,2035,2849,4187,2648,2178,3059,1053,1083,1956,1293,1079,1410,982,1766,2231,1355,1099,1649,2025-03-17 14:21:53
381,20241,구로5동,28952,14052,14900,2914,4871,5547,3904,4379,7337,1488,2093,2812,2039,2188,3432,1426,2778,2735,1865,2191,3905,2025-03-17 14:21:53
382,20241,화곡8동,23468,11313,12155,2351,3535,3798,3576,3586,6622,1204,1690,2003,1867,1684,2865,1147,1845,1795,1709,1902,3757,2025-03-17 14:21:53
383,20241,청파동,18842,8750,10092,1460,4040,3339,2305,2991,4707,717,1526,1783,1168,1491,2065,743,2514,1556,1137,1500,2642,2025-03-17 14:21:53
384,20241,양평2동,22288,10893,11395,2856,3622,5349,3276,3043,4142,1460,1610,2673,1636,1565,1949,1396,2012,2676,1640,1478,2193,2025-03-17 14:21:53
385,20241,북가좌2동,30673,14859,15814,3326,4272,4121,4325,5190,9439,1717,2125,2161,2184,2476,4196,1609,2147,1960,2141,2714,5243,2025-03-17 14:21:53
386,20241,독산4동,14511,7266,7245,1272,1921,2009,1717,2876,4716,622,974,1076,906,1443,2245,650,947,933,811,1433,2471,2025-03-17 14:21:54
387,20241,이화동,6891,3277,3614,487,1496,1219,792,1000,1897,254,686,604,402,490,841,233,810,615,390,510,1056,2025-03-17 14:21:54
388,20241,종로1·2·3·4가동,6658,4029,2629,369,944,974,835,1117,2419,197,456,574,512,761,1529,172,488,400,323,356,890,2025-03-17 14:21:54
389,20241,영등포동,29839,15326,14513,1900,7604,8392,3528,3320,5095,952,3066,4449,1993,2021,2845,948,4538,3943,1535,1299,2250,2025-03-17 14:21:54
390,20241,신내2동,19675,9292,10383,2434,2125,2704,2785,3320,6307,1225,1062,1331,1400,1545,2729,1209,1063,1373,1385,1775,3578,2025-03-17 14:21:54
391,20241,신길6동,19493,9518,9975,2487,2892,3304,2786,2955,5069,1352,1351,1622,1452,1432,2309,1135,1541,1682,1334,1523,2760,2025-03-17 14:21:54
392,20241,동화동,9941,4786,5155,1332,1138,1278,1416,1801,2976,687,556,634,690,853,1366,645,582,644,726,948,1610,2025-03-17 14:21:54
393,20241,천연동,16547,7796,8751,2273,1936,2301,2399,2915,4723,1130,932,1103,1149,1427,2055,1143,1004,1198,1250,1488,2668,2025-03-17 14:21:54
394,20241,합정동,16310,7512,8798,1356,3011,3574,2448,2205,3716,668,1309,1701,1195,1002,1637,688,1702,1873,1253,1203,2079,2025-03-17 14:21:54
395,20241,중림동,12142,5940,6202,1646,1368,2109,2066,1828,3125,866,587,958,1102,940,1487,780,781,1151,964,888,1638,2025-03-17 14:21:54
396,20241,상암동,29662,13937,15725,5608,4228,3533,5087,5046,6160,2865,1834,1629,2369,2534,2706,2743,2394,1904,2718,2512,3454,2025-03-17 14:21:54
397,20241,암사2동,14825,7158,7667,2123,1760,2621,2306,2266,3749,1094,823,1282,1167,1082,1710,1029,937,1339,1139,1184,2039,2025-03-17 14:21:54
398,20241,구의3동,27836,13145,14691,3858,4079,4489,4065,4687,6658,1909,1868,2168,1909,2228,3063,1949,2211,2321,2156,2459,3595,2025-03-17 14:21:54
399,20241,반포3동,23761,11271,12490,5151,2582,2533,4499,4268,4728,2632,1260,1128,1973,2176,2102,2519,1322,1405,2526,2092,2626,2025-03-17 14:21:55
400,20241,광장동,33964,16438,17526,7792,3846,3310,6841,6054,6121,4000,1911,1494,3076,3054,2903,3792,1935,1816,3765,3000,3218,2025-03-17 14:21:55
401,20241,대치1동,23878,11957,11921,6872,2275,1337,5333,4121,3940,3792,1172,563,2262,2256,1912,3080,1103,774,3071,1865,2028,2025-03-17 14:21:55
402,20241,고척2동,25749,12684,13065,3300,3084,3007,3629,4710,8019,1693,1564,1543,1802,2352,3730,1607,1520,1464,1827,2358,4289,2025-03-17 14:21:55
403,20241,금호1가동,14750,7024,7726,2106,1524,2315,2474,2321,4010,1088,737,1083,1276,1104,1736,1018,787,1232,1198,1217,2274,2025-03-17 14:21:55
404,20241,연희동,33724,16100,17624,3331,7365,5355,4424,4927,8322,1671,3700,2674,2130,2314,3611,1660,3665,2681,2294,2613,4711,2025-03-17 14:21:55
405,20241,필동,4012,2085,1927,336,748,697,476,567,1188,176,371,378,257,328,575,160,377,319,219,239,613,2025-03-17 14:21:55
406,20241,용강동,21098,9951,11147,3985,1997,3386,4218,3157,4355,1980,909,1533,1990,1605,1934,2005,1088,1853,2228,1552,2421,2025-03-17 14:21:55
407,20241,아현동,28335,13175,15160,4932,3170,5561,4986,4207,5479,2368,1350,2486,2506,2003,2462,2564,1820,3075,2480,2204,3017,2025-03-17 14:21:55
408,20241,쌍문4동,18061,8536,9525,2733,2180,2113,2651,3212,5172,1440,1107,996,1249,1435,2309,1293,1073,1117,1402,1777,2863,2025-03-17 14:21:55
409,20241,남영동,6819,4160,2659,353,767,1006,842,1451,2400,194,339,550,513,994,1570,159,428,456,329,457,830,2025-03-17 14:21:55
410,20241,항동,16335,7906,8429,3938,1379,3015,3308,1830,2865,1988,670,1336,1748,864,1300,1950,709,1679,1560,966,1565,2025-03-17 14:21:55
411,20241,사당4동,13771,6587,7184,1226,2307,2363,1912,1984,3979,635,1053,1227,986,954,1732,591,1254,1136,926,1030,2247,2025-03-17 14:21:55
412,20241,무악동,7963,3652,4311,1473,823,813,1301,1434,2119,630,387,379,610,716,930,843,436,434,691,718,1189,2025-03-17 14:21:56
413,20241,도곡2동,32648,15135,17513,7204,3520,3007,6127,5568,7222,3363,1568,1279,2682,2771,3472,3841,1952,1728,3445,2797,3750,2025-03-17 14:21:56
414,20241,수서동,14026,6312,7714,1011,1134,1895,1573,1854,6559,494,578,951,798,843,2648,517,556,944,775,1011,3911,2025-03-17 14:21:56
415,20241,일원본동,22796,11239,11557,5022,2258,2549,4257,3663,5047,2895,1173,1177,1911,1777,2306,2127,1085,1372,2346,1886,2741,2025-03-17 14:21:56
416,20241,삼각산동,30604,14688,15916,6040,3295,3197,5643,5510,6919,3112,1629,1510,2687,2762,2988,2928,1666,1687,2956,2748,3931,2025-03-17 14:21:56
417,20241,명일2동,17034,8298,8736,3313,2117,1797,2939,2672,4196,1797,1015,850,1299,1332,2005,1516,1102,947,1640,1340,2191,2025-03-17 14:21:56
418,20242,양재1동,41970,19916,22054,7162,4669,5981,7018,6403,10737,3612,2305,2898,3364,3050,4687,3550,2364,3083,3654,3353,6050,2025-03-17 14:21:56
419,20242,성산2동,38537,17159,21378,4756,6487,6726,5575,5968,9025,2416,2439,3011,2635,2891,3767,2340,4048,3715,2940,3077,5258,2025-03-17 14:21:56
420,20242,삼양동,22402,11147,11255,2574,2809,2595,3062,4170,7192,1354,1477,1373,1585,2071,3287,1220,1332,1222,1477,2099,3905,2025-03-17 14:21:56
421,20242,대조동,27359,12627,14732,2350,5092,4895,3556,4097,7369,1168,2033,2437,1772,1972,3245,1182,3059,2458,1784,2125,4124,2025-03-17 14:21:56
422,20242,은천동,32359,15843,16516,4077,5082,5050,4730,4764,8656,2107,2408,2642,2396,2413,3877,1970,2674,2408,2334,2351,4779,2025-03-17 14:21:56
423,20242,길음2동,21666,10347,11319,4065,2507,2856,3847,3714,4677,2097,1180,1335,1818,1835,2082,1968,1327,1521,2029,1879,2595,2025-03-17 14:21:56
424,20242,서강동,24556,11694,12862,3262,4707,4051,3790,3723,5023,1689,2198,1925,1859,1775,2248,1573,2509,2126,1931,1948,2775,2025-03-17 14:21:57
425,20242,보문동,16145,7748,8397,1933,2644,2807,2275,2686,3800,957,1228,1404,1166,1307,1686,976,1416,1403,1109,1379,2114,2025-03-17 14:21:57
426,20242,불광2동,26600,12782,13818,2240,3809,3761,3318,4614,8858,1149,1840,1946,1713,2193,3941,1091,1969,1815,1605,2421,4917,2025-03-17 14:21:57
427,20242,능동,11053,5063,5990,919,2217,2459,1604,1443,2411,462,958,1120,771,687,1065,457,1259,1339,833,756,1346,2025-03-17 14:21:57
428,20242,쌍문3동,16449,7872,8577,1590,2375,2361,2240,2788,5095,791,1114,1214,1151,1332,2270,799,1261,1147,1089,1456,2825,2025-03-17 14:21:57
429,20242,목2동,28816,13924,14892,3551,4299,5100,4253,4698,6915,1877,2069,2568,2067,2174,3169,1674,2230,2532,2186,2524,3746,2025-03-17 14:21:57
430,20242,자양1동,21795,10556,11239,2105,3873,3812,3127,3377,5501,1095,1879,1986,1530,1654,2412,1010,1994,1826,1597,1723,3089,2025-03-17 14:21:57
431,20242,상계5동,22979,11152,11827,2533,2909,2567,2991,4369,7610,1298,1503,1383,1484,2114,3370,1235,1406,1184,1507,2255,4240,2025-03-17 14:21:57
432,20242,신길4동,10315,5096,5219,1110,1231,1489,1375,1756,3354,579,630,796,714,871,1506,531,601,693,661,885,1848,2025-03-17 14:21:57
433,20242,신월3동,14261,7502,6759,1565,1685,1854,1910,2539,4708,840,892,1002,1044,1408,2316,725,793,852,866,1131,2392,2025-03-17 14:21:57
434,20242,고덕2동,22684,11427,11257,4754,2039,3425,4400,3203,4863,2520,1039,1636,2261,1594,2377,2234,1000,1789,2139,1609,2486,2025-03-17 14:21:57
435,20242,상봉1동,23195,11266,11929,3239,2914,3373,3269,3951,6449,1690,1420,1675,1676,1851,2954,1549,1494,1698,1593,2100,3495,2025-03-17 14:21:57
436,20242,화곡6동,24357,11645,12712,2370,4127,4399,3369,3688,6404,1244,1810,2169,1757,1755,2910,1126,2317,2230,1612,1933,3494,2025-03-17 14:21:57
437,20242,화곡2동,17041,8180,8861,2091,2333,2600,2758,2777,4482,1053,1136,1390,1368,1307,1926,1038,1197,1210,1390,1470,2556,2025-03-17 14:21:58
438,20242,용산2가동,8866,4311,4555,691,1307,1624,1227,1243,2774,361,663,845,659,590,1193,330,644,779,568,653,1581,2025-03-17 14:21:58
439,20242,우장산동,43709,20877,22832,8547,5208,5251,8190,7110,9403,4204,2384,2553,3812,3546,4378,4343,2824,2698,4378,3564,5025,2025-03-17 14:21:58
440,20242,을지로동,3208,1742,1466,211,512,956,454,370,705,98,203,536,249,225,431,113,309,420,205,145,274,2025-03-17 14:21:58
441,20242,묵1동,33661,16051,17610,4651,4688,4558,5110,5530,9124,2354,2163,2237,2504,2664,4129,2297,2525,2321,2606,2866,4995,2025-03-17 14:21:58
442,20242,암사3동,17136,8416,8720,3437,1763,2030,3124,2594,4188,1811,890,943,1520,1275,1977,1626,873,1087,1604,1319,2211,2025-03-17 14:21:58
443,20242,상일동,39307,19334,19973,9332,3437,5097,8026,5494,7921,4772,1726,2319,3983,2720,3814,4560,1711,2778,4043,2774,4107,2025-03-17 14:21:58
444,20242,노량진1동,32005,16255,15750,3388,5723,5768,4068,4572,8486,1747,3044,3276,2172,2296,3720,1641,2679,2492,1896,2276,4766,2025-03-17 14:21:58
445,20242,당산1동,20951,10105,10846,1865,3681,4911,2670,2884,4940,947,1533,2518,1369,1468,2270,918,2148,2393,1301,1416,2670,2025-03-17 14:21:58
446,20242,목5동,40702,20159,20543,10213,3947,3450,8541,6786,7765,5574,2006,1555,3792,3495,3737,4639,1941,1895,4749,3291,4028,2025-03-17 14:21:58
447,20242,창4동,26168,12513,13655,3711,3414,3341,3902,4742,7058,1907,1656,1653,1858,2204,3235,1804,1758,1688,2044,2538,3823,2025-03-17 14:21:58
448,20242,숭인2동,9499,4638,4861,483,2234,1740,1013,1536,2493,227,859,890,547,835,1280,256,1375,850,466,701,1213,2025-03-17 14:21:58
449,20242,사직동,8992,3989,5003,1122,1044,1412,1407,1477,2530,510,440,632,611,680,1116,612,604,780,796,797,1414,2025-03-17 14:21:59
450,20242,원효로2동,13626,6396,7230,1710,1909,2315,1973,2222,3497,776,842,1138,987,1083,1570,934,1067,1177,986,1139,1927,2025-03-17 14:21:59
451,20242,시흥1동,32115,15959,16156,3415,4325,4825,4376,5529,9645,1800,2136,2539,2286,2771,4427,1615,2189,2286,2090,2758,5218,2025-03-17 14:21:59
452,20242,신월2동,20779,10130,10649,2995,2437,2722,3270,3235,6120,1500,1246,1358,1669,1584,2773,1495,1191,1364,1601,1651,3347,2025-03-17 14:21:59
453,20242,공릉2동,41435,20163,21272,7053,6862,5438,6599,6387,9096,3643,3362,2693,3179,3130,4156,3410,3500,2745,3420,3257,4940,2025-03-17 14:21:59
454,20242,이태원2동,8657,4044,4613,767,1192,1695,1293,1247,2463,370,605,850,634,568,1017,397,587,845,659,679,1446,2025-03-17 14:21:59
455,20242,장지동,28473,13711,14762,4331,3521,4383,4387,4637,7214,2192,1799,2173,2194,2141,3212,2139,1722,2210,2193,2496,4002,2025-03-17 14:21:59
456,20242,반포2동,23322,11070,12252,5945,2189,2186,4645,3835,4522,2970,1043,901,2069,2012,2075,2975,1146,1285,2576,1823,2447,2025-03-17 14:21:59
457,20242,월계2동,25485,12230,13255,3245,2758,2828,3747,4300,8607,1680,1420,1408,1897,2107,3718,1565,1338,1420,1850,2193,4889,2025-03-17 14:21:59
458,20242,미성동,29526,14465,15061,3333,4339,4111,4090,4825,8828,1680,2109,2204,2088,2337,4047,1653,2230,1907,2002,2488,4781,2025-03-17 14:21:59
459,20242,수색동,20440,9936,10504,3213,2561,3587,2992,3554,4533,1616,1289,1750,1521,1717,2043,1597,1272,1837,1471,1837,2490,2025-03-17 14:21:59
460,20242,중계2·3동,32502,14828,17674,4195,3658,3820,4805,5565,10459,2088,1801,1884,2319,2622,4114,2107,1857,1936,2486,2943,6345,2025-03-17 14:21:59
461,20242,교남동,9715,4456,5259,1530,1142,1407,1697,1622,2317,741,521,639,785,789,981,789,621,768,912,833,1336,2025-03-17 14:21:59
462,20242,하계2동,21306,10129,11177,3682,2596,2462,3461,3825,5280,1905,1356,1168,1602,1825,2273,1777,1240,1294,1859,2000,3007,2025-03-17 14:22:00
463,20242,중계1동,26318,12840,13478,6900,2811,1858,5725,4881,4143,3691,1467,829,2470,2516,1867,3209,1344,1029,3255,2365,2276,2025-03-17 14:22:00
464,20242,답십리2동,27467,13247,14220,3293,3181,4231,3775,4588,8399,1605,1584,2158,1912,2237,3751,1688,1597,2073,1863,2351,4648,2025-03-17 14:22:00
465,20242,풍납2동,23552,11093,12459,3408,3330,3689,3709,3552,5864,1727,1415,1735,1817,1709,2690,1681,1915,1954,1892,1843,3174,2025-03-17 14:22:00
466,20242,상봉2동,20258,9631,10627,1387,4154,4749,2415,2869,4684,702,1649,2314,1283,1453,2230,685,2505,2435,1132,1416,2454,2025-03-17 14:22:00
467,20242,방배본동,20401,9406,10995,3930,2442,2230,3630,3553,4616,1855,1101,998,1601,1740,2111,2075,1341,1232,2029,1813,2505,2025-03-17 14:22:00
468,20242,회기동,10313,4883,5430,996,3406,1479,1160,1219,2053,494,1536,797,565,630,861,502,1870,682,595,589,1192,2025-03-17 14:22:00
469,20242,방학2동,18535,9360,9175,1901,2134,1972,2338,3524,6666,986,1159,1103,1212,1791,3109,915,975,869,1126,1733,3557,2025-03-17 14:22:00
470,20242,면목본동,32648,16095,16553,2811,4744,5276,4441,5854,9522,1442,2267,2771,2364,2912,4339,1369,2477,2505,2077,2942,5183,2025-03-17 14:22:00
471,20242,서초1동,20154,9749,10405,2980,2660,3273,3563,3167,4511,1582,1323,1544,1633,1558,2109,1398,1337,1729,1930,1609,2402,2025-03-17 14:22:00
472,20242,가락2동,31181,15186,15995,5254,4005,4610,5066,5110,7136,2728,1978,2264,2444,2461,3311,2526,2027,2346,2622,2649,3825,2025-03-17 14:22:00
473,20242,논현2동,20369,9434,10935,2079,3161,4071,3605,3040,4413,1050,1386,1859,1712,1436,1991,1029,1775,2212,1893,1604,2422,2025-03-17 14:22:00
474,20242,방배2동,18010,8404,9606,2442,2281,2679,2744,2828,5036,1218,1131,1237,1272,1301,2245,1224,1150,1442,1472,1527,2791,2025-03-17 14:22:01
475,20242,우이동,19766,9445,10321,2065,2304,2383,2607,3519,6888,1050,1073,1244,1355,1697,3026,1015,1231,1139,1252,1822,3862,2025-03-17 14:22:01
476,20242,장위1동,23354,11327,12027,3194,3016,3150,3511,4103,6380,1585,1488,1621,1808,1948,2877,1609,1528,1529,1703,2155,3503,2025-03-17 14:22:01
477,20242,휘경2동,24158,12015,12143,2811,5838,3023,3127,3560,5799,1391,3026,1613,1582,1781,2622,1420,2812,1410,1545,1779,3177,2025-03-17 14:22:01
478,20242,중계본동,23040,11163,11877,5334,2899,1645,4258,4637,4267,2719,1456,803,1845,2324,2016,2615,1443,842,2413,2313,2251,2025-03-17 14:22:01
479,20242,응암1동,32659,15258,17401,4871,4200,5235,5463,5059,7831,2500,1812,2497,2671,2457,3321,2371,2388,2738,2792,2602,4510,2025-03-17 14:22:01
480,20242,수유2동,20502,9717,10785,2064,2590,2319,2733,3547,7249,1076,1186,1245,1410,1682,3118,988,1404,1074,1323,1865,4131,2025-03-17 14:22:01
481,20242,창2동,28172,13658,14514,3392,3737,3782,4103,4947,8211,1737,1841,1919,2095,2330,3736,1655,1896,1863,2008,2617,4475,2025-03-17 14:22:01
482,20242,미아동,20841,9966,10875,1702,3520,2708,2628,3535,6748,904,1477,1474,1342,1747,3022,798,2043,1234,1286,1788,3726,2025-03-17 14:22:01
483,20242,휘경1동,13580,6428,7152,1420,3601,2055,1613,1886,3005,698,1505,1093,827,907,1398,722,2096,962,786,979,1607,2025-03-17 14:22:01
484,20192,신당동,7260,3696,3564,646,1208,1095,1130,1372,1809,317,606,598,619,702,854,329,602,497,511,670,955,2025-03-17 14:22:01
485,20242,남가좌2동,29083,14033,15050,4681,4083,4081,4720,4487,7031,2367,1986,1979,2379,2203,3119,2314,2097,2102,2341,2284,3912,2025-03-17 14:22:01
486,20242,황학동,12685,5986,6699,1103,2172,2968,1817,1685,2940,562,881,1456,926,818,1343,541,1291,1512,891,867,1597,2025-03-17 14:22:01
487,20242,도림동,17562,8900,8662,1605,2542,3250,2425,2902,4838,834,1234,1723,1293,1533,2283,771,1308,1527,1132,1369,2555,2025-03-17 14:22:02
488,20242,군자동,19048,9394,9654,1577,4259,3440,2476,2640,4656,826,2050,1785,1249,1328,2156,751,2209,1655,1227,1312,2500,2025-03-17 14:22:02
489,20242,가산동,24622,13262,11360,1183,6982,6580,2804,2716,4357,593,3140,3964,1719,1598,2248,590,3842,2616,1085,1118,2109,2025-03-17 14:22:02
490,20242,신사1동,26462,12698,13764,2997,3592,3776,3864,4436,7797,1530,1796,1915,1930,2094,3433,1467,1796,1861,1934,2342,4364,2025-03-17 14:22:02
491,20242,화양동,24821,11760,13061,1242,10467,4995,2328,2294,3495,569,4475,2584,1249,1238,1645,673,5992,2411,1079,1056,1850,2025-03-17 14:22:02
492,20242,신정4동,31687,15407,16280,3158,4945,4794,4564,5229,8997,1622,2327,2520,2311,2538,4089,1536,2618,2274,2253,2691,4908,2025-03-17 14:22:02
493,20242,한남동,17711,8532,9179,2037,2037,3193,2924,2831,4689,1059,1018,1548,1469,1337,2101,978,1019,1645,1455,1494,2588,2025-03-17 14:22:02
494,20242,혜화동,15833,7605,8228,1689,4273,2038,1904,2304,3625,833,2111,1077,919,1094,1571,856,2162,961,985,1210,2054,2025-03-17 14:22:02
495,20242,창3동,13163,6549,6614,1407,1487,1503,1893,2437,4436,758,776,813,984,1209,2009,649,711,690,909,1228,2427,2025-03-17 14:22:02
496,20242,북아현동,15401,7379,8022,2242,1925,2786,2525,2474,3449,1157,851,1325,1302,1197,1547,1085,1074,1461,1223,1277,1902,2025-03-17 14:22:02
497,20242,신정2동,18773,9207,9566,3948,2123,1564,3465,3405,4268,2034,1087,737,1561,1781,2007,1914,1036,827,1904,1624,2261,2025-03-17 14:22:02
498,20242,성수1가1동,15394,7652,7742,1722,2196,2841,2013,2745,3877,901,1102,1424,1008,1329,1888,821,1094,1417,1005,1416,1989,2025-03-17 14:22:02
499,20242,쌍문1동,20484,9807,10677,2281,2632,2371,2743,3678,6779,1143,1198,1234,1400,1792,3040,1138,1434,1137,1343,1886,3739,2025-03-17 14:22:03
500,20242,길동,44395,21594,22801,4611,6297,7127,6419,7099,12842,2411,2946,3637,3290,3428,5882,2200,3351,3490,3129,3671,6960,2025-03-17 14:22:03
501,20242,시흥3동,10153,5020,5133,1022,1164,1276,1264,1831,3596,519,599,691,659,888,1664,503,565,585,605,943,1932,2025-03-17 14:22:03
502,20242,창1동,23774,11340,12434,3055,2927,3114,3534,4185,6959,1565,1436,1615,1721,1965,3038,1490,1491,1499,1813,2220,3921,2025-03-17 14:22:03
503,20242,월곡2동,18900,8965,9935,2131,3483,2565,2489,2953,5279,1111,1367,1337,1250,1491,2409,1020,2116,1228,1239,1462,2870,2025-03-17 14:22:03
504,20242,중곡3동,15681,7737,7944,1436,2305,2714,2050,2676,4500,741,1106,1417,1078,1317,2078,695,1199,1297,972,1359,2422,2025-03-17 14:22:03
505,20242,풍납1동,11750,5769,5981,1225,1267,1627,1584,1988,4059,678,652,855,801,967,1816,547,615,772,783,1021,2243,2025-03-17 14:22:03
506,20242,염리동,16719,7963,8756,2922,2412,2746,3054,2505,3080,1465,1091,1321,1477,1269,1340,1457,1321,1425,1577,1236,1740,2025-03-17 14:22:03
507,20242,성수2가1동,14544,7539,7005,1301,1837,2399,1889,2557,4561,659,949,1295,1018,1355,2263,642,888,1104,871,1202,2298,2025-03-17 14:22:03
508,20242,화곡3동,21093,10044,11049,2563,2979,3092,3065,3165,6229,1353,1342,1515,1497,1486,2851,1210,1637,1577,1568,1679,3378,2025-03-17 14:22:03
509,20242,신사동,15436,7204,8232,2348,1899,2022,2506,2568,4093,1199,878,914,1115,1255,1843,1149,1021,1108,1391,1313,2250,2025-03-17 14:22:03
510,20242,용문동,11380,5423,5957,1264,1613,1939,1576,1846,3142,631,762,981,793,893,1363,633,851,958,783,953,1779,2025-03-17 14:22:03
511,20242,신대방1동,23282,11152,12130,3513,3325,3095,3612,3868,5869,1727,1572,1552,1714,1915,2672,1786,1753,1543,1898,1953,3197,2025-03-17 14:22:04
512,20242,암사1동,33825,16775,17050,4027,4289,4876,5160,5816,9657,2023,2232,2550,2678,2857,4435,2004,2057,2326,2482,2959,5222,2025-03-17 14:22:04
513,20242,행당1동,13629,6526,7103,1824,2164,2212,2056,2161,3212,898,995,1102,1011,1023,1497,926,1169,1110,1045,1138,1715,2025-03-17 14:22:04
514,20242,금호4가동,14142,6694,7448,2116,1311,2308,2621,2123,3663,1098,661,1063,1289,1045,1538,1018,650,1245,1332,1078,2125,2025-03-17 14:22:04
515,20242,도곡1동,20005,9502,10503,3672,2411,2742,3513,3246,4421,1738,1167,1256,1631,1620,2090,1934,1244,1486,1882,1626,2331,2025-03-17 14:22:04
516,20242,창신1동,4523,2397,2126,280,522,621,501,840,1759,149,271,355,273,441,908,131,251,266,228,399,851,2025-03-17 14:22:04
517,20242,잠실2동,34909,16705,18204,9113,3341,3220,8042,5660,5533,4653,1533,1304,3688,3000,2527,4460,1808,1916,4354,2660,3006,2025-03-17 14:22:04
518,20242,성내3동,22433,10963,11470,2471,3268,3311,3357,3800,6226,1392,1667,1703,1625,1817,2759,1079,1601,1608,1732,1983,3467,2025-03-17 14:22:04
519,20242,방배3동,15757,7500,8257,2670,1800,1874,2500,2602,4311,1335,894,849,1141,1243,2038,1335,906,1025,1359,1359,2273,2025-03-17 14:22:04
520,20242,시흥2동,20564,9831,10733,3156,2108,2230,2999,3655,6416,1549,1075,1111,1432,1737,2927,1607,1033,1119,1567,1918,3489,2025-03-17 14:22:04
521,20242,상계6·7동,31400,14467,16933,4531,4011,4657,4833,5511,7857,2328,1908,2248,2223,2475,3285,2203,2103,2409,2610,3036,4572,2025-03-17 14:22:04
522,20242,일원2동,16833,8153,8680,2624,1629,2392,2921,2447,4820,1590,869,1165,1377,1194,1958,1034,760,1227,1544,1253,2862,2025-03-17 14:22:04
523,20242,개포1동,6765,3265,3500,1151,649,638,1068,1017,2242,559,319,289,499,510,1089,592,330,349,569,507,1153,2025-03-17 14:22:04
524,20242,수유1동,19842,9710,10132,1918,2797,2644,2591,3325,6567,967,1300,1448,1389,1649,2957,951,1497,1196,1202,1676,3610,2025-03-17 14:22:05
525,20242,충현동,19682,9454,10228,2309,3004,3356,2797,3158,5058,1143,1369,1646,1413,1560,2323,1166,1635,1710,1384,1598,2735,2025-03-17 14:22:05
526,20242,사당1동,22415,10798,11617,1388,5074,4744,2832,2807,5570,740,2283,2484,1498,1312,2481,648,2791,2260,1334,1495,3089,2025-03-17 14:22:05
527,20242,역삼2동,36348,16944,19404,7981,4370,4509,8338,5910,5240,3733,1871,2047,3684,3231,2378,4248,2499,2462,4654,2679,2862,2025-03-17 14:22:05
528,20242,둔촌2동,24228,11861,12367,3360,3110,3688,3495,3911,6664,1764,1532,1874,1752,1868,3071,1596,1578,1814,1743,2043,3593,2025-03-17 14:22:05
529,20242,상계3·4동,27489,13675,13814,3585,3100,2909,3876,4953,9066,1887,1634,1567,1965,2469,4153,1698,1466,1342,1911,2484,4913,2025-03-17 14:22:05
530,20242,송중동,28576,13737,14839,3126,3770,3735,4089,4933,8923,1540,1822,1902,2089,2365,4019,1586,1948,1833,2000,2568,4904,2025-03-17 14:22:05
531,20242,신내1동,37757,18186,19571,6092,4249,4537,5613,6197,11069,3123,2172,2232,2746,2917,4996,2969,2077,2305,2867,3280,6073,2025-03-17 14:22:05
532,20242,상도1동,44464,21556,22908,5282,10237,5927,5858,6511,10649,2652,5321,2989,2814,3092,4688,2630,4916,2938,3044,3419,5961,2025-03-17 14:22:05
533,20242,노량진2동,10181,5312,4869,556,1990,1838,1163,1466,3168,274,1025,1095,672,786,1460,282,965,743,491,680,1708,2025-03-17 14:22:05
534,20242,남현동,17668,8549,9119,1419,3785,3659,2115,2398,4292,719,1752,1971,1069,1113,1925,700,2033,1688,1046,1285,2367,2025-03-17 14:22:05
535,20242,가락본동,25171,12461,12710,2965,3485,4476,3545,4192,6508,1512,1737,2282,1800,1984,3146,1453,1748,2194,1745,2208,3362,2025-03-17 14:22:05
536,20242,전농1동,32107,15979,16128,4034,4839,4460,4730,5311,8733,2037,2340,2296,2466,2739,4101,1997,2499,2164,2264,2572,4632,2025-03-17 14:22:06
537,20242,서초4동,30281,14804,15477,6584,3448,3064,5826,5248,6111,3449,1710,1331,2710,2676,2928,3135,1738,1733,3116,2572,3183,2025-03-17 14:22:06
538,20242,개포2동,41708,20173,21535,8783,4683,6170,7516,6679,7877,4470,2293,2841,3485,3295,3789,4313,2390,3329,4031,3384,4088,2025-03-17 14:22:06
539,20242,정릉2동,22510,10838,11672,2837,3023,2989,3163,3828,6670,1473,1502,1484,1602,1836,2941,1364,1521,1505,1561,1992,3729,2025-03-17 14:22:06
540,20242,이문1동,17724,8739,8985,1705,5173,2026,1959,2472,4389,861,2456,1156,1006,1278,1982,844,2717,870,953,1194,2407,2025-03-17 14:22:06
541,20242,낙성대동,17211,8618,8593,1292,5749,3833,1853,1665,2819,641,2714,2115,999,881,1268,651,3035,1718,854,784,1551,2025-03-17 14:22:06
542,20242,거여1동,12011,6013,5998,1339,1588,1640,1595,2163,3686,704,811,863,812,1096,1727,635,777,777,783,1067,1959,2025-03-17 14:22:06
543,20242,잠실본동,27731,13208,14523,2445,4952,6226,4164,3970,5974,1245,2180,3103,2048,1922,2710,1200,2772,3123,2116,2048,3264,2025-03-17 14:22:06
544,20242,삼성1동,12134,5938,6196,1774,1553,1712,1917,2050,3128,949,838,826,882,984,1459,825,715,886,1035,1066,1669,2025-03-17 14:22:06
545,20242,대치2동,38212,19396,18816,8922,4008,3306,7349,6670,7957,5235,2160,1541,3164,3430,3866,3687,1848,1765,4185,3240,4091,2025-03-17 14:22:06
546,20242,구로4동,18646,8980,9666,1480,2506,2746,2349,3122,6443,763,1189,1412,1235,1543,2838,717,1317,1334,1114,1579,3605,2025-03-17 14:22:06
547,20242,중계4동,19114,9151,9963,2800,2288,1812,2878,3591,5745,1472,1192,916,1357,1778,2436,1328,1096,896,1521,1813,3309,2025-03-17 14:22:06
548,20242,상계2동,19105,9426,9679,2261,2910,2133,2514,3737,5550,1105,1496,1122,1253,1834,2616,1156,1414,1011,1261,1903,2934,2025-03-17 14:22:07
549,20242,구의2동,25468,12150,13318,3443,3280,3587,3950,4410,6798,1753,1577,1763,1923,2085,3049,1690,1703,1824,2027,2325,3749,2025-03-17 14:22:07
550,20242,신월7동,18588,9029,9559,1852,2130,2501,2418,3218,6469,961,1092,1338,1272,1561,2805,891,1038,1163,1146,1657,3664,2025-03-17 14:22:07
551,20242,등촌1동,24933,11521,13412,2379,4735,6640,3456,3071,4652,1282,1883,3074,1772,1444,2066,1097,2852,3566,1684,1627,2586,2025-03-17 14:22:07
552,20242,삼청동,2247,1075,1172,248,238,283,316,351,811,133,121,131,153,171,366,115,117,152,163,180,445,2025-03-17 14:22:07
553,20242,구산동,31429,15279,16150,3813,4234,3793,4530,5645,9414,1895,1984,1896,2313,2740,4451,1918,2250,1897,2217,2905,4963,2025-03-17 14:22:07
554,20242,신당5동,10151,4914,5237,966,1494,1791,1397,1757,2746,462,664,898,727,910,1253,504,830,893,670,847,1493,2025-03-17 14:22:07
555,20242,자양2동,23591,11450,12141,2882,3208,3682,3540,3903,6376,1468,1588,1859,1734,1849,2952,1414,1620,1823,1806,2054,3424,2025-03-17 14:22:07
556,20242,고덕1동,23932,12182,11750,6073,1949,2426,5297,3431,4756,3392,1057,1132,2557,1813,2231,2681,892,1294,2740,1618,2525,2025-03-17 14:22:07
557,20242,신정1동,19716,9582,10134,4413,2061,1765,3859,3370,4248,2279,1053,814,1774,1702,1960,2134,1008,951,2085,1668,2288,2025-03-17 14:22:07
558,20242,정릉4동,24009,11457,12552,3160,3050,2863,3583,4243,7110,1633,1504,1431,1747,2059,3083,1527,1546,1432,1836,2184,4027,2025-03-17 14:22:07
559,20242,소공동,2178,1027,1151,289,218,442,514,320,395,130,79,205,250,170,193,159,139,237,264,150,202,2025-03-17 14:22:07
560,20242,공덕동,36426,16993,19433,4002,5749,6487,4980,6129,9079,2074,2349,3100,2501,2951,4018,1928,3400,3387,2479,3178,5061,2025-03-17 14:22:08
561,20242,대림3동,21488,10727,10761,2133,2698,3121,2678,3864,6994,1068,1431,1681,1388,1889,3270,1065,1267,1440,1290,1975,3724,2025-03-17 14:22:08
562,20242,면목4동,18121,9021,9100,1938,2212,2460,2636,3198,5677,1015,1143,1274,1399,1637,2553,923,1069,1186,1237,1561,3124,2025-03-17 14:22:08
563,20242,남가좌1동,16699,7994,8705,3810,1559,2235,3430,2364,3301,1914,728,970,1742,1171,1469,1896,831,1265,1688,1193,1832,2025-03-17 14:22:08
564,20242,종로5·6가동,5376,2824,2552,359,1180,886,571,855,1525,161,546,493,322,494,808,198,634,393,249,361,717,2025-03-17 14:22:08
565,20242,왕십리2동,15974,7663,8311,2097,2174,2781,2315,2596,4011,1065,1012,1354,1158,1260,1814,1032,1162,1427,1157,1336,2197,2025-03-17 14:22:08
566,20242,장충동,4549,2371,2178,389,1271,663,499,578,1149,201,707,374,262,303,524,188,564,289,237,275,625,2025-03-17 14:22:08
567,20242,가락1동,27469,13286,14183,5719,2571,4733,4925,3631,5890,2940,1266,2134,2441,1684,2821,2779,1305,2599,2484,1947,3069,2025-03-17 14:22:08
568,20242,응봉동,14940,7088,7852,2460,1666,2031,2607,2508,3668,1275,779,973,1230,1227,1604,1185,887,1058,1377,1281,2064,2025-03-17 14:22:08
569,20242,신정6동,23959,11598,12361,5302,2631,2449,4474,4245,4858,2727,1336,1137,1998,2058,2342,2575,1295,1312,2476,2187,2516,2025-03-17 14:22:08
570,20242,서초2동,24636,11631,13005,4292,3376,4799,4571,3206,4392,2197,1428,2184,2145,1610,2067,2095,1948,2615,2426,1596,2325,2025-03-17 14:22:08
571,20242,신길7동,19779,9835,9944,3668,2416,3282,3383,2949,4081,1923,1236,1634,1715,1402,1925,1745,1180,1648,1668,1547,2156,2025-03-17 14:22:08
572,20242,잠실6동,16514,7825,8689,2948,1768,1981,2777,2606,4434,1498,849,896,1280,1210,2092,1450,919,1085,1497,1396,2342,2025-03-17 14:22:08
573,20242,인수동,29069,14019,15050,3074,3468,3443,3874,4989,10221,1558,1693,1814,2007,2413,4534,1516,1775,1629,1867,2576,5687,2025-03-17 14:22:09
574,20242,돈암1동,14260,6652,7608,1740,1842,1866,1829,2593,4390,863,839,920,884,1225,1921,877,1003,946,945,1368,2469,2025-03-17 14:22:09
575,20242,반포1동,33740,16468,17272,6962,3952,5028,7041,4810,5947,3526,1859,2391,3421,2586,2685,3436,2093,2637,3620,2224,3262,2025-03-17 14:22:09
576,20242,보라매동,23092,11443,11649,2135,4351,4053,2939,3266,6348,1108,2104,2267,1535,1611,2818,1027,2247,1786,1404,1655,3530,2025-03-17 14:22:09
577,20242,행운동,28758,13926,14832,2079,7607,5942,3444,3392,6294,1032,3393,3181,1793,1694,2833,1047,4214,2761,1651,1698,3461,2025-03-17 14:22:09
578,20242,인헌동,25385,12283,13102,2133,5807,4960,3141,3495,5849,1113,2693,2564,1628,1664,2621,1020,3114,2396,1513,1831,3228,2025-03-17 14:22:09
579,20242,중앙동,15126,7305,7821,856,4374,3231,1662,1659,3344,428,1901,1723,885,843,1525,428,2473,1508,777,816,1819,2025-03-17 14:22:09
580,20242,정릉3동,14934,7431,7503,1346,3370,1799,1548,2287,4584,727,1866,1016,789,1107,1926,619,1504,783,759,1180,2658,2025-03-17 14:22:09
581,20242,하계1동,26128,12492,13636,3719,4532,2631,3348,4814,7084,2010,2414,1350,1483,2327,2908,1709,2118,1281,1865,2487,4176,2025-03-17 14:22:09
582,20242,갈현2동,27415,12947,14468,3291,3884,3568,4064,4876,7732,1668,1830,1798,1990,2289,3372,1623,2054,1770,2074,2587,4360,2025-03-17 14:22:09
583,20242,응암3동,23429,11287,12142,1971,3287,3255,3038,3863,8015,1007,1608,1710,1566,1944,3452,964,1679,1545,1472,1919,4563,2025-03-17 14:22:09
584,20242,양재2동,21157,10608,10549,2407,3148,4068,3407,3370,4757,1287,1596,2135,1731,1659,2200,1120,1552,1933,1676,1711,2557,2025-03-17 14:22:09
585,20242,방이2동,26094,11878,14216,2020,5130,6448,3632,3345,5519,1095,1992,2941,1815,1528,2507,925,3138,3507,1817,1817,3012,2025-03-17 14:22:10
586,20242,신림동,22622,12090,10532,681,8720,6189,2449,1806,2777,339,4196,3697,1470,1065,1323,342,4524,2492,979,741,1454,2025-03-17 14:22:10
587,20242,성현동,28222,13577,14645,4164,3618,3398,4450,4782,7810,2139,1817,1711,2188,2379,3343,2025,1801,1687,2262,2403,4467,2025-03-17 14:22:10
588,20242,홍은2동,28505,13661,14844,3665,4137,3981,4039,4803,7880,1842,2036,2064,1977,2303,3439,1823,2101,1917,2062,2500,4441,2025-03-17 14:22:10
589,20242,천호1동,25942,12735,13207,2644,3280,3850,3678,4341,8149,1336,1635,2042,1904,2121,3697,1308,1645,1808,1774,2220,4452,2025-03-17 14:22:10
590,20242,왕십리도선동,26181,12283,13898,3603,4013,4411,3895,4311,5948,1870,1726,1993,1935,2031,2728,1733,2287,2418,1960,2280,3220,2025-03-17 14:22:10
591,20242,영등포본동,20784,10610,10174,2250,2779,3244,2796,3528,6187,1146,1447,1720,1487,1811,2999,1104,1332,1524,1309,1717,3188,2025-03-17 14:22:10
592,20242,동선동,14977,6196,8781,1236,4651,2419,1762,1909,3000,530,1380,1182,862,929,1313,706,3271,1237,900,980,1687,2025-03-17 14:22:10
593,20242,문래동,32022,15577,16445,5830,3503,5493,5961,4494,6741,3011,1666,2607,2973,2241,3079,2819,1837,2886,2988,2253,3662,2025-03-17 14:22:10
594,20242,공항동,29436,14868,14568,5076,3657,4857,5192,4101,6553,2565,1882,2527,2788,2080,3026,2511,1775,2330,2404,2021,3527,2025-03-17 14:22:10
595,20242,염창동,41250,19807,21443,7769,5314,7231,7299,6159,7478,3977,2438,3285,3558,3052,3497,3792,2876,3946,3741,3107,3981,2025-03-17 14:22:10
596,20242,신길1동,19314,9780,9534,1597,3601,3596,2448,2904,5168,795,1732,2004,1361,1525,2363,802,1869,1592,1087,1379,2805,2025-03-17 14:22:10
597,20242,증산동,18240,8840,9400,2403,2357,2626,2570,3089,5195,1238,1129,1287,1288,1522,2376,1165,1228,1339,1282,1567,2819,2025-03-17 14:22:10
598,20242,개봉1동,33122,16420,16702,4134,3960,5015,4572,5483,9958,2116,2009,2567,2341,2714,4673,2018,1951,2448,2231,2769,5285,2025-03-17 14:22:11
599,20242,독산2동,17737,8915,8822,1694,2337,2512,2178,3358,5658,895,1171,1380,1144,1658,2667,799,1166,1132,1034,1700,2991,2025-03-17 14:22:11
600,20242,상계1동,36834,17688,19146,4724,4544,4401,5069,6715,11381,2412,2270,2211,2455,3143,5197,2312,2274,2190,2614,3572,6184,2025-03-17 14:22:11
601,20242,화곡4동,19720,9668,10052,2041,2499,2933,3042,3276,5929,1090,1274,1541,1580,1568,2615,951,1225,1392,1462,1708,3314,2025-03-17 14:22:11
602,20242,성수2가3동,10021,4999,5022,940,1628,1835,1322,1581,2715,499,769,880,688,811,1352,441,859,955,634,770,1363,2025-03-17 14:22:11
603,20242,보광동,11134,5572,5562,801,1494,1758,1493,2011,3577,465,846,1015,771,992,1483,336,648,743,722,1019,2094,2025-03-17 14:22:11
604,20242,서빙고동,12443,5999,6444,2037,1557,1436,2157,2147,3109,1026,794,705,1045,1016,1413,1011,763,731,1112,1131,1696,2025-03-17 14:22:11
605,20242,한강로동,20977,9895,11082,2206,3206,4813,2844,3197,4711,1136,1360,2240,1369,1507,2283,1070,1846,2573,1475,1690,2428,2025-03-17 14:22:11
606,20242,청량리동,18688,9202,9486,1546,2215,2135,2155,3063,7574,790,1110,1148,1138,1553,3463,756,1105,987,1017,1510,4111,2025-03-17 14:22:11
607,20242,효창동,10665,5044,5621,1426,1614,1969,1591,1728,2337,728,741,958,778,798,1041,698,873,1011,813,930,1296,2025-03-17 14:22:11
608,20242,송파1동,23353,10821,12532,2098,4019,5392,3349,3167,5328,1026,1767,2648,1564,1387,2429,1072,2252,2744,1785,1780,2899,2025-03-17 14:22:11
609,20242,목1동,30276,14544,15732,7467,2982,2754,6476,5153,5444,3731,1465,1184,2933,2662,2569,3736,1517,1570,3543,2491,2875,2025-03-17 14:22:11
610,20242,신정7동,28275,13546,14729,4859,2968,2931,4625,4979,7913,2510,1529,1444,2189,2445,3429,2349,1439,1487,2436,2534,4484,2025-03-17 14:22:12
611,20242,난향동,14726,7199,7527,2213,1623,1548,2518,2694,4130,1114,843,759,1245,1391,1847,1099,780,789,1273,1303,2283,2025-03-17 14:22:12
612,20242,당산2동,36667,17117,19550,4697,6732,8189,5239,4671,7139,2397,2651,3855,2603,2248,3363,2300,4081,4334,2636,2423,3776,2025-03-17 14:22:12
613,20242,회현동,4380,2304,2076,365,418,528,531,793,1745,186,209,260,285,427,937,179,209,268,246,366,808,2025-03-17 14:22:12
614,20242,방화2동,22596,11171,11425,2247,3015,3725,3014,3425,7170,1196,1443,1977,1576,1789,3190,1051,1572,1748,1438,1636,3980,2025-03-17 14:22:12
615,20242,대흥동,14719,7124,7595,1471,3656,2555,2017,2108,2912,764,1618,1311,1011,1077,1343,707,2038,1244,1006,1031,1569,2025-03-17 14:22:12
616,20242,홍제1동,24704,11553,13151,3208,3100,3607,3586,4205,6998,1566,1502,1708,1740,1984,3053,1642,1598,1899,1846,2221,3945,2025-03-17 14:22:12
617,20242,독산1동,45720,23242,22478,5294,7802,10015,6606,6356,9647,2682,3606,5435,3661,3232,4626,2612,4196,4580,2945,3124,5021,2025-03-17 14:22:12
618,20242,평창동,17366,8092,9274,2533,1997,2057,2484,3156,5139,1281,993,972,1124,1415,2307,1252,1004,1085,1360,1741,2832,2025-03-17 14:22:12
619,20242,이문2동,19385,9319,10066,2578,2642,2322,2758,3345,5740,1331,1188,1157,1404,1648,2591,1247,1454,1165,1354,1697,3149,2025-03-17 14:22:12
620,20242,마천1동,17982,9215,8767,2021,1988,1982,2356,3374,6261,1062,1028,1095,1248,1782,3000,959,960,887,1108,1592,3261,2025-03-17 14:22:12
621,20242,응암2동,27329,13188,14141,5321,2477,4191,5549,3913,5878,2764,1222,1924,2764,1945,2569,2557,1255,2267,2785,1968,3309,2025-03-17 14:22:12
622,20242,등촌3동,29390,13848,15542,3050,3235,4582,3612,4479,10432,1562,1614,2308,1779,2022,4563,1488,1621,2274,1833,2457,5869,2025-03-17 14:22:12
623,20242,다산동,13221,6412,6809,1114,2079,2167,1719,2138,4004,600,986,1118,888,1047,1773,514,1093,1049,831,1091,2231,2025-03-17 14:22:13
624,20242,신정3동,49523,23946,25577,8452,6003,5992,7797,8974,12305,4327,3061,2973,3729,4325,5531,4125,2942,3019,4068,4649,6774,2025-03-17 14:22:13
625,20242,행당2동,22851,10656,12195,3436,2579,3426,3583,3971,5856,1612,1198,1631,1718,1915,2582,1824,1381,1795,1865,2056,3274,2025-03-17 14:22:13
626,20242,구로1동,20519,10005,10514,3469,2418,3563,3529,3000,4540,1796,1149,1785,1744,1449,2082,1673,1269,1778,1785,1551,2458,2025-03-17 14:22:13
627,20242,상도2동,27084,12936,14148,4095,3942,4326,4416,4034,6271,2124,1819,2060,2193,1933,2807,1971,2123,2266,2223,2101,3464,2025-03-17 14:22:13
628,20242,잠실7동,9419,4382,5037,1435,1103,943,1245,1640,3053,655,540,418,546,766,1457,780,563,525,699,874,1596,2025-03-17 14:22:13
629,20242,방배4동,22754,10319,12435,3880,2825,3126,4033,3755,5135,1781,1248,1407,1758,1803,2322,2099,1577,1719,2275,1952,2813,2025-03-17 14:22:13
630,20242,돈암2동,23417,11070,12347,4248,2683,2749,3857,4362,5518,2135,1337,1297,1772,2082,2447,2113,1346,1452,2085,2280,3071,2025-03-17 14:22:13
631,20242,이촌1동,24933,11719,13214,4809,2548,2939,4157,4378,6102,2482,1260,1288,1898,2066,2725,2327,1288,1651,2259,2312,3377,2025-03-17 14:22:13
632,20242,둔촌1동,16,10,6,2,0,1,5,1,7,2,0,1,2,0,5,0,0,0,3,1,2,2025-03-17 14:22:13
633,20242,창5동,23884,11392,12492,2882,3199,3393,3183,4238,6989,1480,1555,1690,1530,1944,3193,1402,1644,1703,1653,2294,3796,2025-03-17 14:22:13
634,20242,가양3동,14189,6504,7685,1059,1248,2945,1794,1889,5254,537,564,1429,938,914,2122,522,684,1516,856,975,3132,2025-03-17 14:22:13
635,20242,반포본동,117,49,68,17,21,6,22,21,30,7,8,3,8,9,14,10,13,3,14,12,16,2025-03-17 14:22:13
636,20242,수유3동,22988,11301,11687,1593,4229,3326,2913,3923,7004,802,1938,1813,1586,1992,3170,791,2291,1513,1327,1931,3834,2025-03-17 14:22:14
637,20242,전농2동,17954,8555,9399,2542,2005,2090,2664,3152,5501,1275,968,1069,1309,1513,2421,1267,1037,1021,1355,1639,3080,2025-03-17 14:22:14
638,20242,홍은1동,22158,10677,11481,2755,2645,2973,3146,3932,6707,1378,1319,1494,1595,1908,2983,1377,1326,1479,1551,2024,3724,2025-03-17 14:22:14
639,20242,대방동,35620,16775,18845,5172,6087,4944,5581,5718,8118,2530,2762,2441,2637,2851,3554,2642,3325,2503,2944,2867,4564,2025-03-17 14:22:14
640,20242,사당2동,27151,13012,14139,3253,3366,4288,3936,4344,7964,1763,1625,2088,1945,2078,3513,1490,1741,2200,1991,2266,4451,2025-03-17 14:22:14
641,20242,면목3·8동,24375,12017,12358,2142,3312,3569,3169,4356,7827,1079,1649,1881,1701,2150,3557,1063,1663,1688,1468,2206,4270,2025-03-17 14:22:14
642,20242,연남동,14202,6690,7512,1131,2880,2925,2106,1935,3225,567,1312,1448,1055,911,1397,564,1568,1477,1051,1024,1828,2025-03-17 14:22:14
643,20242,흑석동,29907,14490,15417,4507,4506,4057,4648,4932,7257,2291,2283,1959,2335,2359,3263,2216,2223,2098,2313,2573,3994,2025-03-17 14:22:14
644,20242,신사동,21969,11050,10919,1437,5696,4113,2543,2980,5200,774,2700,2341,1343,1481,2411,663,2996,1772,1200,1499,2789,2025-03-17 14:22:14
645,20242,장안1동,37191,18358,18833,4598,4828,5838,6095,5762,10070,2356,2242,3033,3148,2889,4690,2242,2586,2805,2947,2873,5380,2025-03-17 14:22:14
646,20242,삼성동,19970,9928,10042,1726,2177,2180,2482,3630,7775,935,1117,1241,1325,1836,3474,791,1060,939,1157,1794,4301,2025-03-17 14:22:14
647,20242,신촌동,20135,8693,11442,1336,8441,3650,1859,1895,2954,638,3121,1798,896,924,1316,698,5320,1852,963,971,1638,2025-03-17 14:22:14
648,20242,위례동,44857,21874,22983,12586,4244,6785,9367,5881,5994,6484,2092,3079,4600,2926,2693,6102,2152,3706,4767,2955,3301,2025-03-17 14:22:14
649,20242,면목7동,21190,10543,10647,2094,2678,3284,2861,3592,6681,1118,1293,1667,1548,1812,3105,976,1385,1617,1313,1780,3576,2025-03-17 14:22:15
650,20242,도봉1동,20030,9993,10037,1627,2142,2046,2499,3524,8192,827,1105,1098,1372,1771,3820,800,1037,948,1127,1753,4372,2025-03-17 14:22:15
651,20242,방학3동,26077,12624,13453,4026,2742,2845,3723,4468,8273,2182,1483,1465,1778,2040,3676,1844,1259,1380,1945,2428,4597,2025-03-17 14:22:15
652,20242,마장동,21556,10610,10946,2385,4066,3159,2625,3419,5902,1203,2027,1646,1335,1661,2738,1182,2039,1513,1290,1758,3164,2025-03-17 14:22:15
653,20242,사근동,11936,6247,5689,987,4917,1611,1041,1286,2094,475,2713,929,553,622,955,512,2204,682,488,664,1139,2025-03-17 14:22:15
654,20242,월계1동,20526,10528,9998,2380,3591,2369,2836,3322,6028,1259,2094,1290,1441,1677,2767,1121,1497,1079,1395,1645,3261,2025-03-17 14:22:15
655,20242,양평1동,18114,8709,9405,2154,2938,4516,2950,2150,3406,1110,1174,2251,1539,1131,1504,1044,1764,2265,1411,1019,1902,2025-03-17 14:22:15
656,20242,신길3동,15950,7852,8098,2044,1875,2360,2308,2655,4708,1033,936,1204,1220,1335,2124,1011,939,1156,1088,1320,2584,2025-03-17 14:22:15
657,20242,대치4동,18614,8869,9745,2804,2971,3067,3410,3345,3017,1529,1449,1455,1450,1639,1347,1275,1522,1612,1960,1706,1670,2025-03-17 14:22:15
658,20242,구의1동,21448,10252,11196,1689,4498,4386,2917,3119,4839,839,2008,2240,1493,1505,2167,850,2490,2146,1424,1614,2672,2025-03-17 14:22:15
659,20242,시흥5동,18167,9067,9100,1876,2073,2144,2296,3311,6467,956,1075,1184,1215,1710,2927,920,998,960,1081,1601,3540,2025-03-17 14:22:15
660,20242,망원1동,19151,8899,10252,1831,3093,3611,2937,2888,4791,909,1404,1717,1425,1403,2041,922,1689,1894,1512,1485,2750,2025-03-17 14:22:15
661,20242,공릉1동,35959,17381,18578,3930,6593,4943,4951,5445,10097,2028,3169,2510,2495,2673,4506,1902,3424,2433,2456,2772,5591,2025-03-17 14:22:15
662,20242,방화3동,21991,10634,11357,2422,1964,3367,3227,3271,7740,1255,1011,1720,1638,1625,3385,1167,953,1647,1589,1646,4355,2025-03-17 14:22:15
663,20242,등촌2동,19312,9398,9914,2375,2697,3298,2778,2997,5167,1313,1328,1653,1373,1366,2365,1062,1369,1645,1405,1631,2802,2025-03-17 14:22:16
664,20242,가회동,3849,1787,2062,459,406,499,633,687,1165,247,188,228,295,331,498,212,218,271,338,356,667,2025-03-17 14:22:16
665,20242,청구동,12955,6117,6838,1365,1575,2127,1648,2147,4093,687,761,1047,815,1015,1792,678,814,1080,833,1132,2301,2025-03-17 14:22:16
666,20242,세곡동,45513,21325,24188,8706,5330,7034,8065,6259,10119,4379,2341,3273,3883,3042,4407,4327,2989,3761,4182,3217,5712,2025-03-17 14:22:16
667,20242,숭인1동,5768,2797,2971,531,721,792,805,1099,1820,267,341,404,420,557,808,264,380,388,385,542,1012,2025-03-17 14:22:16
668,20242,부암동,9034,4284,4750,1191,1096,1158,1374,1626,2589,629,563,566,611,752,1163,562,533,592,763,874,1426,2025-03-17 14:22:16
669,20242,창신2동,7511,3880,3631,498,954,881,818,1665,2695,263,498,514,454,861,1290,235,456,367,364,804,1405,2025-03-17 14:22:16
670,20242,시흥4동,19366,9586,9780,2035,2302,2358,2452,3576,6643,1027,1187,1258,1243,1712,3159,1008,1115,1100,1209,1864,3484,2025-03-17 14:22:16
671,20242,강일동,44257,21047,23210,8773,4901,5797,7171,6561,11054,4522,2397,2690,3476,3173,4789,4251,2504,3107,3695,3388,6265,2025-03-17 14:22:16
672,20242,자양3동,27193,12991,14202,4362,3434,3864,4233,4540,6760,2185,1714,1809,1976,2183,3124,2177,1720,2055,2257,2357,3636,2025-03-17 14:22:16
673,20242,고척1동,26314,13106,13208,3502,3309,5100,3600,4025,6778,1809,1668,2610,1872,1970,3177,1693,1641,2490,1728,2055,3601,2025-03-17 14:22:16
674,20242,용답동,11809,6118,5691,818,2551,1989,1397,1892,3162,423,1141,1057,793,1122,1582,395,1410,932,604,770,1580,2025-03-17 14:22:16
675,20242,가양1동,33880,15206,18674,3024,7788,8937,4444,4089,5598,1562,2560,4210,2239,2005,2630,1462,5228,4727,2205,2084,2968,2025-03-17 14:22:16
676,20242,반포4동,18474,8654,9820,3522,2071,2343,3241,3078,4219,1824,1001,1032,1431,1463,1903,1698,1070,1311,1810,1615,2316,2025-03-17 14:22:16
677,20242,번2동,14866,7134,7732,1327,1830,1585,1928,2530,5666,704,929,841,1017,1251,2392,623,901,744,911,1279,3274,2025-03-17 14:22:17
678,20242,약수동,16086,7419,8667,1717,1772,2258,2206,2653,5480,857,847,1092,1072,1215,2336,860,925,1166,1134,1438,3144,2025-03-17 14:22:17
679,20242,청림동,14726,7103,7623,2130,1620,2373,2293,2285,4025,1097,803,1211,1152,1111,1729,1033,817,1162,1141,1174,2296,2025-03-17 14:22:17
680,20242,청담동,24535,11449,13086,3849,3131,3696,4401,3973,5485,2074,1435,1595,1986,1847,2512,1775,1696,2101,2415,2126,2973,2025-03-17 14:22:17
681,20242,명일1동,25279,12363,12916,4369,2720,3749,4145,3901,6395,2302,1410,1845,1996,1890,2920,2067,1310,1904,2149,2011,3475,2025-03-17 14:22:17
682,20242,잠실4동,21192,10213,10979,4930,1852,2399,4442,3132,4437,2566,916,1000,2108,1542,2081,2364,936,1399,2334,1590,2356,2025-03-17 14:22:17
683,20242,상계9동,19664,9212,10452,2759,2386,2669,2975,3517,5358,1424,1221,1335,1386,1595,2251,1335,1165,1334,1589,1922,3107,2025-03-17 14:22:17
684,20242,번3동,16356,7614,8742,1795,1693,1605,2139,2765,6359,903,865,821,1065,1370,2590,892,828,784,1074,1395,3769,2025-03-17 14:22:17
685,20242,구로3동,23287,12033,11254,2277,4387,4623,3707,3168,5125,1182,2176,2624,2014,1717,2320,1095,2211,1999,1693,1451,2805,2025-03-17 14:22:17
686,20242,송파2동,18476,8909,9567,2965,2336,2638,2935,2929,4673,1502,1110,1255,1444,1390,2208,1463,1226,1383,1491,1539,2465,2025-03-17 14:22:17
687,20242,상도3동,23844,11339,12505,2273,4063,3842,3224,3734,6708,1181,1858,1972,1603,1787,2938,1092,2205,1870,1621,1947,3770,2025-03-17 14:22:17
688,20242,삼전동,29062,13547,15515,2820,4764,6320,4660,4135,6363,1461,2110,3017,2246,1947,2766,1359,2654,3303,2414,2188,3597,2025-03-17 14:22:17
689,20242,거여2동,23596,11502,12094,3534,2477,3477,3649,3992,6467,1819,1260,1742,1833,1933,2915,1715,1217,1735,1816,2059,3552,2025-03-17 14:22:18
690,20242,석관동,33768,16684,17084,3630,4580,4600,4597,5650,10711,1912,2202,2398,2389,2833,4950,1718,2378,2202,2208,2817,5761,2025-03-17 14:22:18
691,20242,종암동,37648,18608,19040,5498,5426,4572,5812,6302,10038,2952,2834,2411,2827,3132,4452,2546,2592,2161,2985,3170,5586,2025-03-17 14:22:18
692,20242,신원동,17484,8937,8547,1072,4165,3321,2054,2330,4542,516,2106,2018,1100,1213,1984,556,2059,1303,954,1117,2558,2025-03-17 14:22:18
693,20242,도화동,20443,9697,10746,2696,2579,3498,2876,3292,5502,1398,1207,1717,1414,1534,2427,1298,1372,1781,1462,1758,3075,2025-03-17 14:22:18
694,20242,면목2동,23580,11697,11883,2277,2917,3417,3211,4445,7313,1165,1417,1781,1707,2245,3382,1112,1500,1636,1504,2200,3931,2025-03-17 14:22:18
695,20242,상도4동,27609,13396,14213,2921,4191,4518,3888,4345,7746,1541,2011,2349,2004,2068,3423,1380,2180,2169,1884,2277,4323,2025-03-17 14:22:18
696,20242,사당3동,23686,11429,12257,3299,2990,3605,3634,3482,6676,1684,1400,1713,1846,1680,3106,1615,1590,1892,1788,1802,3570,2025-03-17 14:22:18
697,20242,청룡동,35627,17102,18525,2496,11517,7376,3799,3839,6600,1205,5126,3882,1956,1952,2981,1291,6391,3494,1843,1887,3619,2025-03-17 14:22:18
698,20242,길음1동,34792,16426,18366,7906,3417,3683,7214,5810,6762,3941,1638,1646,3327,3045,2829,3965,1779,2037,3887,2765,3933,2025-03-17 14:22:18
699,20242,성북동,15875,7372,8503,1672,2533,2486,2202,2730,4252,852,1127,1210,1036,1273,1874,820,1406,1276,1166,1457,2378,2025-03-17 14:22:18
700,20242,성산1동,18543,8632,9911,1968,3017,3275,2964,2958,4361,931,1402,1584,1404,1444,1867,1037,1615,1691,1560,1514,2494,2025-03-17 14:22:18
701,20242,삼선동,22125,10481,11644,2473,4178,3060,2974,3789,5651,1264,1869,1503,1462,1907,2476,1209,2309,1557,1512,1882,3175,2025-03-17 14:22:18
702,20242,난곡동,25257,12654,12603,2430,3557,3407,3357,4375,8131,1236,1795,1868,1836,2178,3741,1194,1762,1539,1521,2197,4390,2025-03-17 14:22:19
703,20242,중화2동,23768,12182,11586,1842,3254,3585,3023,4241,7823,1006,1588,1903,1657,2228,3800,836,1666,1682,1366,2013,4023,2025-03-17 14:22:19
704,20242,중곡2동,20512,9636,10876,2069,3304,3661,2825,3343,5310,1053,1474,1777,1388,1528,2416,1016,1830,1884,1437,1815,2894,2025-03-17 14:22:19
705,20242,정릉1동,17732,8501,9231,2848,2228,2325,2923,2859,4549,1470,1082,1135,1429,1389,1996,1378,1146,1190,1494,1470,2553,2025-03-17 14:22:19
706,20242,수궁동,22707,11115,11592,2938,2615,2913,3392,3789,7060,1550,1379,1474,1705,1794,3213,1388,1236,1439,1687,1995,3847,2025-03-17 14:22:19
707,20242,대림1동,13711,6805,6906,1441,1798,1785,1826,2344,4517,792,898,972,983,1124,2036,649,900,813,843,1220,2481,2025-03-17 14:22:19
708,20242,신월1동,19365,9957,9408,1836,2238,2462,2677,3485,6667,951,1132,1379,1480,1803,3212,885,1106,1083,1197,1682,3455,2025-03-17 14:22:19
709,20242,목4동,24428,11899,12529,3976,3730,2695,3867,4890,5270,2049,1953,1381,1723,2424,2369,1927,1777,1314,2144,2466,2901,2025-03-17 14:22:19
710,20242,화곡본동,32956,15959,16997,3601,5536,6108,5100,4798,7813,1889,2518,3225,2627,2316,3384,1712,3018,2883,2473,2482,4429,2025-03-17 14:22:19
711,20242,가리봉동,8713,4797,3916,403,1587,1426,892,1567,2838,222,812,907,517,913,1426,181,775,519,375,654,1412,2025-03-17 14:22:19
712,20242,방학1동,27745,13722,14023,3234,3491,3050,3788,5097,9085,1657,1718,1592,1916,2548,4291,1577,1773,1458,1872,2549,4794,2025-03-17 14:22:19
713,20242,신도림동,35977,17321,18656,6560,4183,5844,6488,5387,7515,3327,1918,2724,3130,2651,3571,3233,2265,3120,3358,2736,3944,2025-03-17 14:22:19
714,20242,중곡1동,15218,7204,8014,1230,2805,3048,1945,2312,3878,632,1127,1502,1038,1125,1780,598,1678,1546,907,1187,2098,2025-03-17 14:22:19
715,20242,후암동,16020,7744,8276,1795,2223,2747,2311,2626,4318,946,1085,1439,1120,1287,1867,849,1138,1308,1191,1339,2451,2025-03-17 14:22:20
716,20242,자양4동,19815,9797,10018,1688,3243,3332,2560,3149,5843,842,1547,1748,1331,1625,2704,846,1696,1584,1229,1524,3139,2025-03-17 14:22:20
717,20242,사당5동,14118,6733,7385,1744,1987,2508,2161,2141,3577,892,903,1242,1096,1027,1573,852,1084,1266,1065,1114,2004,2025-03-17 14:22:20
718,20242,성내1동,19392,9277,10115,2902,2484,2971,3248,2960,4827,1500,1192,1407,1575,1406,2197,1402,1292,1564,1673,1554,2630,2025-03-17 14:22:20
719,20242,압구정동,26119,12090,14029,4614,2812,2812,4414,4347,7120,2227,1332,1202,2000,2108,3221,2387,1480,1610,2414,2239,3899,2025-03-17 14:22:20
720,20242,신길5동,9947,4806,5141,1381,1074,1328,1490,1623,3051,691,523,669,771,795,1357,690,551,659,719,828,1694,2025-03-17 14:22:20
721,20242,신당동,7385,3600,3785,462,1299,1301,966,1192,2165,208,548,652,511,647,1034,254,751,649,455,545,1131,2025-03-17 14:22:20
722,20242,이태원1동,6015,3013,3002,440,862,1139,785,893,1896,220,475,651,411,416,840,220,387,488,374,477,1056,2025-03-17 14:22:20
723,20242,성수1가2동,11932,5820,6112,1337,1762,2314,1721,1844,2954,684,847,1142,830,931,1386,653,915,1172,891,913,1568,2025-03-17 14:22:20
724,20242,오금동,37341,18034,19307,5202,4669,5043,5341,6555,10531,2719,2407,2481,2576,3006,4845,2483,2262,2562,2765,3549,5686,2025-03-17 14:22:20
725,20242,개봉3동,19544,9486,10058,2153,2163,2439,2872,3410,6507,1071,1131,1284,1464,1636,2900,1082,1032,1155,1408,1774,3607,2025-03-17 14:22:20
726,20242,오류2동,37281,17771,19510,6048,4179,4524,5966,5977,10587,3079,2074,2193,2931,2847,4647,2969,2105,2331,3035,3130,5940,2025-03-17 14:22:20
727,20242,삼성2동,30579,14671,15908,5521,3838,4647,6146,5012,5415,3013,1795,2086,2747,2550,2480,2508,2043,2561,3399,2462,2935,2025-03-17 14:22:20
728,20242,홍제2동,13186,6166,7020,1523,1559,1871,1680,2414,4139,786,740,927,801,1119,1793,737,819,944,879,1295,2346,2025-03-17 14:22:21
729,20242,문정1동,19502,9647,9855,2438,2819,3305,2734,3098,5108,1269,1413,1696,1389,1433,2447,1169,1406,1609,1345,1665,2661,2025-03-17 14:22:21
730,20242,서교동,24037,10999,13038,1635,5914,5368,3403,3103,4614,801,2535,2555,1610,1482,2016,834,3379,2813,1793,1621,2598,2025-03-17 14:22:21
731,20242,송정동,9719,5095,4624,857,1443,1547,1314,1704,2854,465,712,854,731,911,1422,392,731,693,583,793,1432,2025-03-17 14:22:21
732,20242,답십리1동,27834,13376,14458,4184,3822,4851,4651,4043,6283,2126,1689,2278,2374,2005,2904,2058,2133,2573,2277,2038,3379,2025-03-17 14:22:21
733,20242,옥수동,25399,11775,13624,3895,2444,4547,4429,3813,6271,1930,1143,2043,2163,1787,2709,1965,1301,2504,2266,2026,3562,2025-03-17 14:22:21
734,20242,내곡동,17000,8222,8778,2978,1636,2294,2922,2424,4746,1530,839,1070,1447,1169,2167,1448,797,1224,1475,1255,2579,2025-03-17 14:22:21
735,20242,개봉2동,29724,14398,15326,3680,3251,3930,4387,4747,9729,1864,1598,1963,2241,2295,4437,1816,1653,1967,2146,2452,5292,2025-03-17 14:22:21
736,20242,장안2동,32376,16042,16334,5322,3614,4637,5737,5003,8063,2817,1806,2321,2898,2502,3698,2505,1808,2316,2839,2501,4365,2025-03-17 14:22:21
737,20242,잠원동,26800,12898,13902,5125,3295,3328,4910,4879,5263,2649,1648,1503,2236,2437,2425,2476,1647,1825,2674,2442,2838,2025-03-17 14:22:21
738,20242,신사2동,18907,9370,9537,2190,2440,2592,2704,3220,5761,1191,1269,1334,1379,1573,2624,999,1171,1258,1325,1647,3137,2025-03-17 14:22:21
739,20242,오륜동,17799,8725,9074,3619,1925,1601,3036,3015,4603,1962,1032,698,1341,1469,2223,1657,893,903,1695,1546,2380,2025-03-17 14:22:21
740,20242,상계8동,21848,10388,11460,3644,2362,4739,3591,3102,4410,1839,1172,2348,1737,1452,1840,1805,1190,2391,1854,1650,2570,2025-03-17 14:22:21
741,20242,도봉2동,25990,12683,13307,2824,2705,3335,3398,4204,9524,1447,1384,1689,1779,2024,4360,1377,1321,1646,1619,2180,5164,2025-03-17 14:22:22
742,20242,상계10동,18184,8356,9828,2697,2279,2871,2783,3188,4366,1366,1065,1371,1291,1420,1843,1331,1214,1500,1492,1768,2523,2025-03-17 14:22:22
743,20242,송천동,24748,12287,12461,2087,2986,2909,3147,4586,9033,1058,1508,1572,1654,2327,4168,1029,1478,1337,1493,2259,4865,2025-03-17 14:22:22
744,20242,홍제3동,17665,8453,9212,2103,2224,2424,2312,3090,5512,1077,1108,1198,1173,1508,2389,1026,1116,1226,1139,1582,3123,2025-03-17 14:22:22
745,20242,대학동,24237,14808,9429,1459,6378,5009,3401,3295,4695,752,3815,3441,2293,2154,2353,707,2563,1568,1108,1141,2342,2025-03-17 14:22:22
746,20242,마천2동,17575,8982,8593,1634,2032,1978,2304,3268,6359,835,1135,1114,1238,1651,3009,799,897,864,1066,1617,3350,2025-03-17 14:22:22
747,20242,석촌동,30682,14536,16146,2809,5023,6745,4605,4370,7130,1419,2187,3287,2285,2098,3260,1390,2836,3458,2320,2272,3870,2025-03-17 14:22:22
748,20242,방배1동,16479,7678,8801,2228,2161,2666,2736,2463,4225,1150,1028,1218,1238,1139,1905,1078,1133,1448,1498,1324,2320,2025-03-17 14:22:22
749,20242,서원동,22908,12012,10896,1251,6434,5015,2651,2699,4858,661,3288,3009,1511,1321,2222,590,3146,2006,1140,1378,2636,2025-03-17 14:22:22
750,20242,서림동,23319,12975,10344,1537,5561,4791,3106,2996,5328,783,3141,3018,1882,1636,2515,754,2420,1773,1224,1360,2813,2025-03-17 14:22:22
751,20242,중화1동,18698,9211,9487,2064,2332,2956,2591,3007,5748,1042,1146,1536,1390,1439,2658,1022,1186,1420,1201,1568,3090,2025-03-17 14:22:22
752,20242,역삼1동,34082,16650,17432,2143,6658,9612,6069,4191,5409,1080,2810,4834,3106,2237,2583,1063,3848,4778,2963,1954,2826,2025-03-17 14:22:22
753,20242,망우본동,36438,17968,18470,4656,4442,6133,5059,5632,10516,2315,2037,3128,2666,2835,4987,2341,2405,3005,2393,2797,5529,2025-03-17 14:22:23
754,20242,불광1동,37509,17625,19884,4225,4651,5222,5340,6443,11628,2198,2193,2571,2609,3033,5021,2027,2458,2651,2731,3410,6607,2025-03-17 14:22:23
755,20242,방이1동,15091,7264,7827,2333,2083,2125,2358,2580,3612,1158,1043,1064,1096,1206,1697,1175,1040,1061,1262,1374,1915,2025-03-17 14:22:23
756,20242,신월5동,13979,6915,7064,1821,1815,1906,2083,2344,4010,958,900,1031,1043,1134,1849,863,915,875,1040,1210,2161,2025-03-17 14:22:23
757,20242,대림2동,11730,5740,5990,829,1815,1841,1392,1933,3920,414,895,987,743,979,1722,415,920,854,649,954,2198,2025-03-17 14:22:23
758,20242,개포4동,23151,11149,12002,3687,2869,3580,3762,3942,5311,1824,1445,1725,1797,1880,2478,1863,1424,1855,1965,2062,2833,2025-03-17 14:22:23
759,20242,중곡4동,27499,13389,14110,2662,3932,4025,3552,5090,8238,1386,1967,2097,1782,2372,3785,1276,1965,1928,1770,2718,4453,2025-03-17 14:22:23
760,20242,화곡1동,50743,24632,26111,4171,8918,10251,7286,7176,12941,2107,3937,5501,3794,3489,5804,2064,4981,4750,3492,3687,7137,2025-03-17 14:22:23
761,20242,청운효자동,11328,5174,6154,1676,1401,1510,1884,1911,2946,865,685,676,823,867,1258,811,716,834,1061,1044,1688,2025-03-17 14:22:23
762,20242,창신3동,6338,3119,3219,706,826,903,799,1177,1927,366,430,457,403,570,893,340,396,446,396,607,1034,2025-03-17 14:22:23
763,20242,여의동,33346,15644,17702,5267,3636,4891,5320,5307,8925,2653,1669,2225,2487,2546,4064,2614,1967,2666,2833,2761,4861,2025-03-17 14:22:23
764,20242,구로2동,22380,11215,11165,1783,2819,2668,2758,4223,8129,906,1417,1492,1479,2190,3731,877,1402,1176,1279,2033,4398,2025-03-17 14:22:23
765,20242,논현1동,20996,9908,11088,1371,3852,5204,3624,2772,4173,675,1714,2576,1695,1366,1882,696,2138,2628,1929,1406,2291,2025-03-17 14:22:23
766,20242,일원1동,14550,7048,7502,1576,1946,2115,2008,2140,4765,858,954,1080,1058,1028,2070,718,992,1035,950,1112,2695,2025-03-17 14:22:24
767,20242,방화1동,41828,20397,21431,7374,4497,5808,7134,6376,10639,3681,2218,2826,3561,3204,4907,3693,2279,2982,3573,3172,5732,2025-03-17 14:22:24
768,20242,금호2·3가동,21946,10443,11503,2829,2463,3779,3570,3530,5775,1450,1223,1831,1765,1676,2498,1379,1240,1948,1805,1854,3277,2025-03-17 14:22:24
769,20242,명동,2392,988,1404,162,233,286,339,437,935,83,102,141,139,187,336,79,131,145,200,250,599,2025-03-17 14:22:24
770,20242,신월4동,17445,8478,8967,2650,1940,2047,2818,2796,5194,1353,1035,1017,1420,1316,2337,1297,905,1030,1398,1480,2857,2025-03-17 14:22:24
771,20242,제기동,22962,11776,11186,1961,4356,2975,2601,3464,7605,1013,2305,1676,1434,1851,3497,948,2051,1299,1167,1613,4108,2025-03-17 14:22:24
772,20242,갈현1동,14470,7022,7448,1417,2099,2044,1968,2507,4435,780,1002,1088,993,1198,1961,637,1097,956,975,1309,2474,2025-03-17 14:22:24
773,20242,면목5동,14564,7254,7310,2166,1503,2461,2370,2359,3705,1092,770,1239,1261,1172,1720,1074,733,1222,1109,1187,1985,2025-03-17 14:22:24
774,20242,조원동,19598,9785,9813,1498,4367,4401,2410,2461,4461,760,1921,2348,1302,1299,2155,738,2446,2053,1108,1162,2306,2025-03-17 14:22:24
775,20242,발산1동,35643,16815,18828,7192,4277,3772,6448,6052,7902,3577,2108,1789,3013,2922,3406,3615,2169,1983,3435,3130,4496,2025-03-17 14:22:24
776,20242,광희동,5676,2808,2868,307,1154,1222,673,758,1562,159,454,650,345,416,784,148,700,572,328,342,778,2025-03-17 14:22:24
777,20242,안암동,14869,7492,7377,1094,5477,2031,1398,1902,2967,576,2817,1147,710,931,1311,518,2660,884,688,971,1656,2025-03-17 14:22:24
778,20242,쌍문2동,17905,8522,9383,1919,2161,2304,2455,3145,5921,1019,1072,1206,1250,1458,2517,900,1089,1098,1205,1687,3404,2025-03-17 14:22:25
779,20242,이촌2동,7870,3699,4171,869,833,1272,1131,1294,2471,425,418,640,551,626,1039,444,415,632,580,668,1432,2025-03-17 14:22:25
780,20242,신월6동,13867,6764,7103,2649,1421,2209,2369,2064,3155,1333,712,1050,1222,997,1450,1316,709,1159,1147,1067,1705,2025-03-17 14:22:25
781,20242,문정2동,28782,13195,15587,2904,4676,7307,4456,3472,5967,1440,1801,3302,2126,1668,2858,1464,2875,4005,2330,1804,3109,2025-03-17 14:22:25
782,20242,월계3동,28721,13754,14967,3604,3167,4255,4140,4550,9005,1901,1564,2158,2094,2172,3865,1703,1603,2097,2046,2378,5140,2025-03-17 14:22:25
783,20242,가양2동,13460,6313,7147,815,1307,2213,1362,1635,6128,434,570,1093,677,784,2755,381,737,1120,685,851,3373,2025-03-17 14:22:25
784,20242,잠실3동,33805,15960,17845,6578,3530,3519,6057,5459,8662,3272,1716,1492,2781,2674,4025,3306,1814,2027,3276,2785,4637,2025-03-17 14:22:25
785,20242,북가좌1동,17563,8389,9174,3067,1862,2117,2988,3001,4528,1608,899,980,1408,1495,1999,1459,963,1137,1580,1506,2529,2025-03-17 14:22:25
786,20242,장위2동,13080,6397,6683,1253,1748,1781,1629,2262,4407,650,854,919,876,1143,1955,603,894,862,753,1119,2452,2025-03-17 14:22:25
787,20242,용신동,38362,18958,19404,3880,6996,7010,5542,5577,9357,1971,3141,3504,2942,2924,4476,1909,3855,3506,2600,2653,4881,2025-03-17 14:22:25
788,20242,서초3동,31862,15138,16724,4233,5226,5306,4770,5156,7171,2285,2321,2452,2166,2550,3364,1948,2905,2854,2604,2606,3807,2025-03-17 14:22:25
789,20242,천호2동,32694,15924,16770,3070,4613,6011,4701,5084,9215,1569,2099,3053,2408,2498,4297,1501,2514,2958,2293,2586,4918,2025-03-17 14:22:25
790,20242,녹번동,36092,16943,19149,4214,4495,5670,5379,5807,10527,2055,2091,2752,2745,2767,4533,2159,2404,2918,2634,3040,5994,2025-03-17 14:22:25
791,20242,망우3동,15615,7869,7746,1418,1977,1954,1959,3002,5305,686,992,1066,1044,1503,2578,732,985,888,915,1499,2727,2025-03-17 14:22:26
792,20242,신수동,22046,10753,11293,3231,3303,3353,3486,3769,4904,1676,1715,1632,1655,1871,2204,1555,1588,1721,1831,1898,2700,2025-03-17 14:22:26
793,20242,월곡1동,25580,12324,13256,4029,2818,3214,4144,4342,7033,2015,1322,1595,2052,2170,3170,2014,1496,1619,2092,2172,3863,2025-03-17 14:22:26
794,20242,신대방2동,22684,10857,11827,3307,3677,3873,3490,3231,5106,1680,1686,1885,1710,1580,2316,1627,1991,1988,1780,1651,2790,2025-03-17 14:22:26
795,20242,장위3동,15519,7611,7908,2784,1948,2233,2635,2529,3390,1405,947,1076,1350,1245,1588,1379,1001,1157,1285,1284,1802,2025-03-17 14:22:26
796,20242,진관동,54368,25288,29080,10415,6706,6109,9196,9113,12829,5374,2925,2553,4158,4500,5778,5041,3781,3556,5038,4613,7051,2025-03-17 14:22:26
797,20242,역촌동,43767,20483,23284,4868,5864,5966,6675,7550,12844,2439,2804,2897,3284,3534,5525,2429,3060,3069,3391,4016,7319,2025-03-17 14:22:26
798,20242,천호3동,25969,12529,13440,2197,4210,5030,3486,3867,7179,1133,1782,2441,1810,1966,3397,1064,2428,2589,1676,1901,3782,2025-03-17 14:22:26
799,20242,망원2동,17917,8341,9576,2213,2552,2870,2842,2916,4524,1135,1123,1346,1365,1413,1959,1078,1429,1524,1477,1503,2565,2025-03-17 14:22:26
800,20242,번1동,17358,8652,8706,1339,2827,2519,2518,2901,5254,672,1323,1359,1386,1510,2402,667,1504,1160,1132,1391,2852,2025-03-17 14:22:26
801,20242,목3동,21206,10060,11146,2379,3090,3786,2997,3368,5586,1265,1485,1845,1444,1519,2502,1114,1605,1941,1553,1849,3084,2025-03-17 14:22:26
802,20242,오류1동,22559,10732,11827,2051,4022,4550,2980,3031,5925,1022,1640,2288,1531,1516,2735,1029,2382,2262,1449,1515,3190,2025-03-17 14:22:26
803,20242,성내2동,23452,11433,12019,1873,3921,4390,3062,3447,6759,986,1657,2269,1606,1749,3166,887,2264,2121,1456,1698,3593,2025-03-17 14:22:26
804,20242,독산3동,23433,11747,11686,1819,3579,3643,2766,4214,7412,910,1751,2030,1501,2044,3511,909,1828,1613,1265,2170,3901,2025-03-17 14:22:27
805,20242,원효로1동,16956,7874,9082,2035,2849,4187,2648,2178,3059,1053,1083,1956,1293,1079,1410,982,1766,2231,1355,1099,1649,2025-03-17 14:22:27
806,20242,구로5동,28952,14052,14900,2914,4871,5547,3904,4379,7337,1488,2093,2812,2039,2188,3432,1426,2778,2735,1865,2191,3905,2025-03-17 14:22:27
807,20242,화곡8동,23468,11313,12155,2351,3535,3798,3576,3586,6622,1204,1690,2003,1867,1684,2865,1147,1845,1795,1709,1902,3757,2025-03-17 14:22:27
808,20242,청파동,18842,8750,10092,1460,4040,3339,2305,2991,4707,717,1526,1783,1168,1491,2065,743,2514,1556,1137,1500,2642,2025-03-17 14:22:27
809,20242,양평2동,22288,10893,11395,2856,3622,5349,3276,3043,4142,1460,1610,2673,1636,1565,1949,1396,2012,2676,1640,1478,2193,2025-03-17 14:22:27
810,20242,북가좌2동,30673,14859,15814,3326,4272,4121,4325,5190,9439,1717,2125,2161,2184,2476,4196,1609,2147,1960,2141,2714,5243,2025-03-17 14:22:27
811,20242,독산4동,14511,7266,7245,1272,1921,2009,1717,2876,4716,622,974,1076,906,1443,2245,650,947,933,811,1433,2471,2025-03-17 14:22:27
812,20242,이화동,6891,3277,3614,487,1496,1219,792,1000,1897,254,686,604,402,490,841,233,810,615,390,510,1056,2025-03-17 14:22:27
813,20242,종로1·2·3·4가동,6658,4029,2629,369,944,974,835,1117,2419,197,456,574,512,761,1529,172,488,400,323,356,890,2025-03-17 14:22:27
814,20242,영등포동,29839,15326,14513,1900,7604,8392,3528,3320,5095,952,3066,4449,1993,2021,2845,948,4538,3943,1535,1299,2250,2025-03-17 14:22:27
815,20242,신내2동,19675,9292,10383,2434,2125,2704,2785,3320,6307,1225,1062,1331,1400,1545,2729,1209,1063,1373,1385,1775,3578,2025-03-17 14:22:27
816,20242,신길6동,19493,9518,9975,2487,2892,3304,2786,2955,5069,1352,1351,1622,1452,1432,2309,1135,1541,1682,1334,1523,2760,2025-03-17 14:22:27
817,20242,동화동,9941,4786,5155,1332,1138,1278,1416,1801,2976,687,556,634,690,853,1366,645,582,644,726,948,1610,2025-03-17 14:22:28
818,20242,천연동,16547,7796,8751,2273,1936,2301,2399,2915,4723,1130,932,1103,1149,1427,2055,1143,1004,1198,1250,1488,2668,2025-03-17 14:22:28
819,20242,합정동,16310,7512,8798,1356,3011,3574,2448,2205,3716,668,1309,1701,1195,1002,1637,688,1702,1873,1253,1203,2079,2025-03-17 14:22:28
820,20242,상암동,29662,13937,15725,5608,4228,3533,5087,5046,6160,2865,1834,1629,2369,2534,2706,2743,2394,1904,2718,2512,3454,2025-03-17 14:22:28
821,20242,암사2동,14825,7158,7667,2123,1760,2621,2306,2266,3749,1094,823,1282,1167,1082,1710,1029,937,1339,1139,1184,2039,2025-03-17 14:22:28
822,20242,구의3동,27836,13145,14691,3858,4079,4489,4065,4687,6658,1909,1868,2168,1909,2228,3063,1949,2211,2321,2156,2459,3595,2025-03-17 14:22:28
823,20242,반포3동,23761,11271,12490,5151,2582,2533,4499,4268,4728,2632,1260,1128,1973,2176,2102,2519,1322,1405,2526,2092,2626,2025-03-17 14:22:28
824,20242,광장동,33964,16438,17526,7792,3846,3310,6841,6054,6121,4000,1911,1494,3076,3054,2903,3792,1935,1816,3765,3000,3218,2025-03-17 14:22:28
825,20242,대치1동,23878,11957,11921,6872,2275,1337,5333,4121,3940,3792,1172,563,2262,2256,1912,3080,1103,774,3071,1865,2028,2025-03-17 14:22:28
826,20242,고척2동,25749,12684,13065,3300,3084,3007,3629,4710,8019,1693,1564,1543,1802,2352,3730,1607,1520,1464,1827,2358,4289,2025-03-17 14:22:28
827,20242,금호1가동,14750,7024,7726,2106,1524,2315,2474,2321,4010,1088,737,1083,1276,1104,1736,1018,787,1232,1198,1217,2274,2025-03-17 14:22:28
828,20242,연희동,33724,16100,17624,3331,7365,5355,4424,4927,8322,1671,3700,2674,2130,2314,3611,1660,3665,2681,2294,2613,4711,2025-03-17 14:22:28
829,20242,필동,4012,2085,1927,336,748,697,476,567,1188,176,371,378,257,328,575,160,377,319,219,239,613,2025-03-17 14:22:29
830,20242,용강동,21098,9951,11147,3985,1997,3386,4218,3157,4355,1980,909,1533,1990,1605,1934,2005,1088,1853,2228,1552,2421,2025-03-17 14:22:29
831,20242,아현동,28335,13175,15160,4932,3170,5561,4986,4207,5479,2368,1350,2486,2506,2003,2462,2564,1820,3075,2480,2204,3017,2025-03-17 14:22:29
832,20242,쌍문4동,18061,8536,9525,2733,2180,2113,2651,3212,5172,1440,1107,996,1249,1435,2309,1293,1073,1117,1402,1777,2863,2025-03-17 14:22:29
833,20242,남영동,6819,4160,2659,353,767,1006,842,1451,2400,194,339,550,513,994,1570,159,428,456,329,457,830,2025-03-17 14:22:29
834,20242,항동,16335,7906,8429,3938,1379,3015,3308,1830,2865,1988,670,1336,1748,864,1300,1950,709,1679,1560,966,1565,2025-03-17 14:22:29
835,20242,사당4동,13771,6587,7184,1226,2307,2363,1912,1984,3979,635,1053,1227,986,954,1732,591,1254,1136,926,1030,2247,2025-03-17 14:22:29
836,20242,무악동,7963,3652,4311,1473,823,813,1301,1434,2119,630,387,379,610,716,930,843,436,434,691,718,1189,2025-03-17 14:22:29
837,20242,도곡2동,32648,15135,17513,7204,3520,3007,6127,5568,7222,3363,1568,1279,2682,2771,3472,3841,1952,1728,3445,2797,3750,2025-03-17 14:22:29
838,20242,수서동,14026,6312,7714,1011,1134,1895,1573,1854,6559,494,578,951,798,843,2648,517,556,944,775,1011,3911,2025-03-17 14:22:29
839,20242,일원본동,22796,11239,11557,5022,2258,2549,4257,3663,5047,2895,1173,1177,1911,1777,2306,2127,1085,1372,2346,1886,2741,2025-03-17 14:22:29
840,20242,삼각산동,30604,14688,15916,6040,3295,3197,5643,5510,6919,3112,1629,1510,2687,2762,2988,2928,1666,1687,2956,2748,3931,2025-03-17 14:22:29
841,20242,명일2동,17034,8298,8736,3313,2117,1797,2939,2672,4196,1797,1015,850,1299,1332,2005,1516,1102,947,1640,1340,2191,2025-03-17 14:22:29
842,20243,일원1동,14550,7048,7502,1576,1946,2115,2008,2140,4765,858,954,1080,1058,1028,2070,718,992,1035,950,1112,2695,2025-03-17 14:22:30
843,20243,방화1동,41828,20397,21431,7374,4497,5808,7134,6376,10639,3681,2218,2826,3561,3204,4907,3693,2279,2982,3573,3172,5732,2025-03-17 14:22:30
844,20243,금호2·3가동,21946,10443,11503,2829,2463,3779,3570,3530,5775,1450,1223,1831,1765,1676,2498,1379,1240,1948,1805,1854,3277,2025-03-17 14:22:30
845,20243,명동,2392,988,1404,162,233,286,339,437,935,83,102,141,139,187,336,79,131,145,200,250,599,2025-03-17 14:22:30
846,20243,신월4동,17445,8478,8967,2650,1940,2047,2818,2796,5194,1353,1035,1017,1420,1316,2337,1297,905,1030,1398,1480,2857,2025-03-17 14:22:30
847,20243,제기동,22962,11776,11186,1961,4356,2975,2601,3464,7605,1013,2305,1676,1434,1851,3497,948,2051,1299,1167,1613,4108,2025-03-17 14:22:30
848,20243,갈현1동,14470,7022,7448,1417,2099,2044,1968,2507,4435,780,1002,1088,993,1198,1961,637,1097,956,975,1309,2474,2025-03-17 14:22:30
849,20243,면목5동,14564,7254,7310,2166,1503,2461,2370,2359,3705,1092,770,1239,1261,1172,1720,1074,733,1222,1109,1187,1985,2025-03-17 14:22:30
850,20243,조원동,19598,9785,9813,1498,4367,4401,2410,2461,4461,760,1921,2348,1302,1299,2155,738,2446,2053,1108,1162,2306,2025-03-17 14:22:30
851,20243,발산1동,35643,16815,18828,7192,4277,3772,6448,6052,7902,3577,2108,1789,3013,2922,3406,3615,2169,1983,3435,3130,4496,2025-03-17 14:22:30
852,20243,광희동,5676,2808,2868,307,1154,1222,673,758,1562,159,454,650,345,416,784,148,700,572,328,342,778,2025-03-17 14:22:30
853,20243,안암동,14869,7492,7377,1094,5477,2031,1398,1902,2967,576,2817,1147,710,931,1311,518,2660,884,688,971,1656,2025-03-17 14:22:30
854,20243,쌍문2동,17905,8522,9383,1919,2161,2304,2455,3145,5921,1019,1072,1206,1250,1458,2517,900,1089,1098,1205,1687,3404,2025-03-17 14:22:30
855,20243,이촌2동,7870,3699,4171,869,833,1272,1131,1294,2471,425,418,640,551,626,1039,444,415,632,580,668,1432,2025-03-17 14:22:30
856,20243,신월6동,13867,6764,7103,2649,1421,2209,2369,2064,3155,1333,712,1050,1222,997,1450,1316,709,1159,1147,1067,1705,2025-03-17 14:22:31
857,20243,문정2동,28782,13195,15587,2904,4676,7307,4456,3472,5967,1440,1801,3302,2126,1668,2858,1464,2875,4005,2330,1804,3109,2025-03-17 14:22:31
858,20243,월계3동,28721,13754,14967,3604,3167,4255,4140,4550,9005,1901,1564,2158,2094,2172,3865,1703,1603,2097,2046,2378,5140,2025-03-17 14:22:31
859,20243,가양2동,13460,6313,7147,815,1307,2213,1362,1635,6128,434,570,1093,677,784,2755,381,737,1120,685,851,3373,2025-03-17 14:22:31
860,20243,잠실3동,33805,15960,17845,6578,3530,3519,6057,5459,8662,3272,1716,1492,2781,2674,4025,3306,1814,2027,3276,2785,4637,2025-03-17 14:22:31
861,20243,북가좌1동,17563,8389,9174,3067,1862,2117,2988,3001,4528,1608,899,980,1408,1495,1999,1459,963,1137,1580,1506,2529,2025-03-17 14:22:31
862,20243,장위2동,13080,6397,6683,1253,1748,1781,1629,2262,4407,650,854,919,876,1143,1955,603,894,862,753,1119,2452,2025-03-17 14:22:31
863,20243,용신동,38362,18958,19404,3880,6996,7010,5542,5577,9357,1971,3141,3504,2942,2924,4476,1909,3855,3506,2600,2653,4881,2025-03-17 14:22:31
864,20243,서초3동,31862,15138,16724,4233,5226,5306,4770,5156,7171,2285,2321,2452,2166,2550,3364,1948,2905,2854,2604,2606,3807,2025-03-17 14:22:31
865,20243,천호2동,32694,15924,16770,3070,4613,6011,4701,5084,9215,1569,2099,3053,2408,2498,4297,1501,2514,2958,2293,2586,4918,2025-03-17 14:22:31
866,20243,녹번동,36092,16943,19149,4214,4495,5670,5379,5807,10527,2055,2091,2752,2745,2767,4533,2159,2404,2918,2634,3040,5994,2025-03-17 14:22:31
867,20243,망우3동,15615,7869,7746,1418,1977,1954,1959,3002,5305,686,992,1066,1044,1503,2578,732,985,888,915,1499,2727,2025-03-17 14:22:31
868,20243,신수동,22046,10753,11293,3231,3303,3353,3486,3769,4904,1676,1715,1632,1655,1871,2204,1555,1588,1721,1831,1898,2700,2025-03-17 14:22:31
869,20243,월곡1동,25580,12324,13256,4029,2818,3214,4144,4342,7033,2015,1322,1595,2052,2170,3170,2014,1496,1619,2092,2172,3863,2025-03-17 14:22:31
870,20243,신대방2동,22684,10857,11827,3307,3677,3873,3490,3231,5106,1680,1686,1885,1710,1580,2316,1627,1991,1988,1780,1651,2790,2025-03-17 14:22:32
871,20243,장위3동,15519,7611,7908,2784,1948,2233,2635,2529,3390,1405,947,1076,1350,1245,1588,1379,1001,1157,1285,1284,1802,2025-03-17 14:22:32
872,20243,진관동,54368,25288,29080,10415,6706,6109,9196,9113,12829,5374,2925,2553,4158,4500,5778,5041,3781,3556,5038,4613,7051,2025-03-17 14:22:32
873,20243,역촌동,43767,20483,23284,4868,5864,5966,6675,7550,12844,2439,2804,2897,3284,3534,5525,2429,3060,3069,3391,4016,7319,2025-03-17 14:22:32
874,20243,천호3동,25969,12529,13440,2197,4210,5030,3486,3867,7179,1133,1782,2441,1810,1966,3397,1064,2428,2589,1676,1901,3782,2025-03-17 14:22:32
875,20243,망원2동,17917,8341,9576,2213,2552,2870,2842,2916,4524,1135,1123,1346,1365,1413,1959,1078,1429,1524,1477,1503,2565,2025-03-17 14:22:32
876,20243,번1동,17358,8652,8706,1339,2827,2519,2518,2901,5254,672,1323,1359,1386,1510,2402,667,1504,1160,1132,1391,2852,2025-03-17 14:22:32
877,20243,목3동,21206,10060,11146,2379,3090,3786,2997,3368,5586,1265,1485,1845,1444,1519,2502,1114,1605,1941,1553,1849,3084,2025-03-17 14:22:32
878,20243,오류1동,22559,10732,11827,2051,4022,4550,2980,3031,5925,1022,1640,2288,1531,1516,2735,1029,2382,2262,1449,1515,3190,2025-03-17 14:22:32
879,20243,성내2동,23452,11433,12019,1873,3921,4390,3062,3447,6759,986,1657,2269,1606,1749,3166,887,2264,2121,1456,1698,3593,2025-03-17 14:22:32
880,20243,독산3동,23433,11747,11686,1819,3579,3643,2766,4214,7412,910,1751,2030,1501,2044,3511,909,1828,1613,1265,2170,3901,2025-03-17 14:22:32
881,20243,원효로1동,16956,7874,9082,2035,2849,4187,2648,2178,3059,1053,1083,1956,1293,1079,1410,982,1766,2231,1355,1099,1649,2025-03-17 14:22:32
882,20243,구로5동,28952,14052,14900,2914,4871,5547,3904,4379,7337,1488,2093,2812,2039,2188,3432,1426,2778,2735,1865,2191,3905,2025-03-17 14:22:32
883,20243,화곡8동,23468,11313,12155,2351,3535,3798,3576,3586,6622,1204,1690,2003,1867,1684,2865,1147,1845,1795,1709,1902,3757,2025-03-17 14:22:33
884,20243,청파동,18842,8750,10092,1460,4040,3339,2305,2991,4707,717,1526,1783,1168,1491,2065,743,2514,1556,1137,1500,2642,2025-03-17 14:22:33
885,20243,양평2동,22288,10893,11395,2856,3622,5349,3276,3043,4142,1460,1610,2673,1636,1565,1949,1396,2012,2676,1640,1478,2193,2025-03-17 14:22:33
886,20243,북가좌2동,30673,14859,15814,3326,4272,4121,4325,5190,9439,1717,2125,2161,2184,2476,4196,1609,2147,1960,2141,2714,5243,2025-03-17 14:22:33
887,20243,독산4동,14511,7266,7245,1272,1921,2009,1717,2876,4716,622,974,1076,906,1443,2245,650,947,933,811,1433,2471,2025-03-17 14:22:33
888,20243,이화동,6891,3277,3614,487,1496,1219,792,1000,1897,254,686,604,402,490,841,233,810,615,390,510,1056,2025-03-17 14:22:33
889,20243,종로1·2·3·4가동,6658,4029,2629,369,944,974,835,1117,2419,197,456,574,512,761,1529,172,488,400,323,356,890,2025-03-17 14:22:33
890,20243,영등포동,29839,15326,14513,1900,7604,8392,3528,3320,5095,952,3066,4449,1993,2021,2845,948,4538,3943,1535,1299,2250,2025-03-17 14:22:33
891,20243,신내2동,19675,9292,10383,2434,2125,2704,2785,3320,6307,1225,1062,1331,1400,1545,2729,1209,1063,1373,1385,1775,3578,2025-03-17 14:22:33
892,20243,신길6동,19493,9518,9975,2487,2892,3304,2786,2955,5069,1352,1351,1622,1452,1432,2309,1135,1541,1682,1334,1523,2760,2025-03-17 14:22:33
893,20243,동화동,9941,4786,5155,1332,1138,1278,1416,1801,2976,687,556,634,690,853,1366,645,582,644,726,948,1610,2025-03-17 14:22:33
894,20243,천연동,16547,7796,8751,2273,1936,2301,2399,2915,4723,1130,932,1103,1149,1427,2055,1143,1004,1198,1250,1488,2668,2025-03-17 14:22:33
895,20243,합정동,16310,7512,8798,1356,3011,3574,2448,2205,3716,668,1309,1701,1195,1002,1637,688,1702,1873,1253,1203,2079,2025-03-17 14:22:34
896,20243,중림동,12142,5940,6202,1646,1368,2109,2066,1828,3125,866,587,958,1102,940,1487,780,781,1151,964,888,1638,2025-03-17 14:22:34
897,20243,상암동,29662,13937,15725,5608,4228,3533,5087,5046,6160,2865,1834,1629,2369,2534,2706,2743,2394,1904,2718,2512,3454,2025-03-17 14:22:34
898,20243,암사2동,14825,7158,7667,2123,1760,2621,2306,2266,3749,1094,823,1282,1167,1082,1710,1029,937,1339,1139,1184,2039,2025-03-17 14:22:34
899,20243,구의3동,27836,13145,14691,3858,4079,4489,4065,4687,6658,1909,1868,2168,1909,2228,3063,1949,2211,2321,2156,2459,3595,2025-03-17 14:22:34
900,20243,반포3동,23761,11271,12490,5151,2582,2533,4499,4268,4728,2632,1260,1128,1973,2176,2102,2519,1322,1405,2526,2092,2626,2025-03-17 14:22:34
901,20243,광장동,33964,16438,17526,7792,3846,3310,6841,6054,6121,4000,1911,1494,3076,3054,2903,3792,1935,1816,3765,3000,3218,2025-03-17 14:22:34
902,20243,대치1동,23878,11957,11921,6872,2275,1337,5333,4121,3940,3792,1172,563,2262,2256,1912,3080,1103,774,3071,1865,2028,2025-03-17 14:22:34
903,20243,고척2동,25749,12684,13065,3300,3084,3007,3629,4710,8019,1693,1564,1543,1802,2352,3730,1607,1520,1464,1827,2358,4289,2025-03-17 14:22:34
904,20243,금호1가동,14750,7024,7726,2106,1524,2315,2474,2321,4010,1088,737,1083,1276,1104,1736,1018,787,1232,1198,1217,2274,2025-03-17 14:22:34
905,20243,연희동,33724,16100,17624,3331,7365,5355,4424,4927,8322,1671,3700,2674,2130,2314,3611,1660,3665,2681,2294,2613,4711,2025-03-17 14:22:34
906,20243,필동,4012,2085,1927,336,748,697,476,567,1188,176,371,378,257,328,575,160,377,319,219,239,613,2025-03-17 14:22:34
907,20243,용강동,21098,9951,11147,3985,1997,3386,4218,3157,4355,1980,909,1533,1990,1605,1934,2005,1088,1853,2228,1552,2421,2025-03-17 14:22:34
908,20243,아현동,28335,13175,15160,4932,3170,5561,4986,4207,5479,2368,1350,2486,2506,2003,2462,2564,1820,3075,2480,2204,3017,2025-03-17 14:22:35
909,20243,쌍문4동,18061,8536,9525,2733,2180,2113,2651,3212,5172,1440,1107,996,1249,1435,2309,1293,1073,1117,1402,1777,2863,2025-03-17 14:22:35
910,20243,남영동,6819,4160,2659,353,767,1006,842,1451,2400,194,339,550,513,994,1570,159,428,456,329,457,830,2025-03-17 14:22:35
911,20243,항동,16335,7906,8429,3938,1379,3015,3308,1830,2865,1988,670,1336,1748,864,1300,1950,709,1679,1560,966,1565,2025-03-17 14:22:35
912,20243,사당4동,13771,6587,7184,1226,2307,2363,1912,1984,3979,635,1053,1227,986,954,1732,591,1254,1136,926,1030,2247,2025-03-17 14:22:35
913,20243,무악동,7963,3652,4311,1473,823,813,1301,1434,2119,630,387,379,610,716,930,843,436,434,691,718,1189,2025-03-17 14:22:35
914,20243,도곡2동,32648,15135,17513,7204,3520,3007,6127,5568,7222,3363,1568,1279,2682,2771,3472,3841,1952,1728,3445,2797,3750,2025-03-17 14:22:35
915,20243,수서동,14026,6312,7714,1011,1134,1895,1573,1854,6559,494,578,951,798,843,2648,517,556,944,775,1011,3911,2025-03-17 14:22:35
916,20243,일원본동,22796,11239,11557,5022,2258,2549,4257,3663,5047,2895,1173,1177,1911,1777,2306,2127,1085,1372,2346,1886,2741,2025-03-17 14:22:35
917,20243,삼각산동,30604,14688,15916,6040,3295,3197,5643,5510,6919,3112,1629,1510,2687,2762,2988,2928,1666,1687,2956,2748,3931,2025-03-17 14:22:35
918,20243,명일2동,17034,8298,8736,3313,2117,1797,2939,2672,4196,1797,1015,850,1299,1332,2005,1516,1102,947,1640,1340,2191,2025-03-17 14:22:35
919,20243,양재1동,41970,19916,22054,7162,4669,5981,7018,6403,10737,3612,2305,2898,3364,3050,4687,3550,2364,3083,3654,3353,6050,2025-03-17 14:22:35
920,20243,성산2동,38537,17159,21378,4756,6487,6726,5575,5968,9025,2416,2439,3011,2635,2891,3767,2340,4048,3715,2940,3077,5258,2025-03-17 14:22:35
921,20243,삼양동,22402,11147,11255,2574,2809,2595,3062,4170,7192,1354,1477,1373,1585,2071,3287,1220,1332,1222,1477,2099,3905,2025-03-17 14:22:36
922,20243,대조동,27359,12627,14732,2350,5092,4895,3556,4097,7369,1168,2033,2437,1772,1972,3245,1182,3059,2458,1784,2125,4124,2025-03-17 14:22:36
923,20243,은천동,32359,15843,16516,4077,5082,5050,4730,4764,8656,2107,2408,2642,2396,2413,3877,1970,2674,2408,2334,2351,4779,2025-03-17 14:22:36
924,20243,길음2동,21666,10347,11319,4065,2507,2856,3847,3714,4677,2097,1180,1335,1818,1835,2082,1968,1327,1521,2029,1879,2595,2025-03-17 14:22:36
925,20243,서강동,24556,11694,12862,3262,4707,4051,3790,3723,5023,1689,2198,1925,1859,1775,2248,1573,2509,2126,1931,1948,2775,2025-03-17 14:22:36
926,20243,보문동,16145,7748,8397,1933,2644,2807,2275,2686,3800,957,1228,1404,1166,1307,1686,976,1416,1403,1109,1379,2114,2025-03-17 14:22:36
927,20243,불광2동,26600,12782,13818,2240,3809,3761,3318,4614,8858,1149,1840,1946,1713,2193,3941,1091,1969,1815,1605,2421,4917,2025-03-17 14:22:36
928,20243,능동,11053,5063,5990,919,2217,2459,1604,1443,2411,462,958,1120,771,687,1065,457,1259,1339,833,756,1346,2025-03-17 14:22:36
929,20243,쌍문3동,16449,7872,8577,1590,2375,2361,2240,2788,5095,791,1114,1214,1151,1332,2270,799,1261,1147,1089,1456,2825,2025-03-17 14:22:36
930,20243,목2동,28816,13924,14892,3551,4299,5100,4253,4698,6915,1877,2069,2568,2067,2174,3169,1674,2230,2532,2186,2524,3746,2025-03-17 14:22:36
931,20243,자양1동,21795,10556,11239,2105,3873,3812,3127,3377,5501,1095,1879,1986,1530,1654,2412,1010,1994,1826,1597,1723,3089,2025-03-17 14:22:36
932,20243,상계5동,22979,11152,11827,2533,2909,2567,2991,4369,7610,1298,1503,1383,1484,2114,3370,1235,1406,1184,1507,2255,4240,2025-03-17 14:22:37
933,20243,신길4동,10315,5096,5219,1110,1231,1489,1375,1756,3354,579,630,796,714,871,1506,531,601,693,661,885,1848,2025-03-17 14:22:37
934,20243,신월3동,14261,7502,6759,1565,1685,1854,1910,2539,4708,840,892,1002,1044,1408,2316,725,793,852,866,1131,2392,2025-03-17 14:22:37
935,20243,고덕2동,22684,11427,11257,4754,2039,3425,4400,3203,4863,2520,1039,1636,2261,1594,2377,2234,1000,1789,2139,1609,2486,2025-03-17 14:22:37
936,20243,상봉1동,23195,11266,11929,3239,2914,3373,3269,3951,6449,1690,1420,1675,1676,1851,2954,1549,1494,1698,1593,2100,3495,2025-03-17 14:22:37
937,20243,화곡6동,24357,11645,12712,2370,4127,4399,3369,3688,6404,1244,1810,2169,1757,1755,2910,1126,2317,2230,1612,1933,3494,2025-03-17 14:22:37
938,20243,화곡2동,17041,8180,8861,2091,2333,2600,2758,2777,4482,1053,1136,1390,1368,1307,1926,1038,1197,1210,1390,1470,2556,2025-03-17 14:22:37
939,20243,용산2가동,8866,4311,4555,691,1307,1624,1227,1243,2774,361,663,845,659,590,1193,330,644,779,568,653,1581,2025-03-17 14:22:37
940,20243,우장산동,43709,20877,22832,8547,5208,5251,8190,7110,9403,4204,2384,2553,3812,3546,4378,4343,2824,2698,4378,3564,5025,2025-03-17 14:22:37
941,20243,을지로동,3208,1742,1466,211,512,956,454,370,705,98,203,536,249,225,431,113,309,420,205,145,274,2025-03-17 14:22:37
942,20243,묵1동,33661,16051,17610,4651,4688,4558,5110,5530,9124,2354,2163,2237,2504,2664,4129,2297,2525,2321,2606,2866,4995,2025-03-17 14:22:38
943,20243,암사3동,17136,8416,8720,3437,1763,2030,3124,2594,4188,1811,890,943,1520,1275,1977,1626,873,1087,1604,1319,2211,2025-03-17 14:22:38
944,20243,상일동,39307,19334,19973,9332,3437,5097,8026,5494,7921,4772,1726,2319,3983,2720,3814,4560,1711,2778,4043,2774,4107,2025-03-17 14:22:38
945,20243,노량진1동,32005,16255,15750,3388,5723,5768,4068,4572,8486,1747,3044,3276,2172,2296,3720,1641,2679,2492,1896,2276,4766,2025-03-17 14:22:38
946,20243,당산1동,20951,10105,10846,1865,3681,4911,2670,2884,4940,947,1533,2518,1369,1468,2270,918,2148,2393,1301,1416,2670,2025-03-17 14:22:38
947,20243,목5동,40702,20159,20543,10213,3947,3450,8541,6786,7765,5574,2006,1555,3792,3495,3737,4639,1941,1895,4749,3291,4028,2025-03-17 14:22:38
948,20243,창4동,26168,12513,13655,3711,3414,3341,3902,4742,7058,1907,1656,1653,1858,2204,3235,1804,1758,1688,2044,2538,3823,2025-03-17 14:22:38
949,20243,숭인2동,9499,4638,4861,483,2234,1740,1013,1536,2493,227,859,890,547,835,1280,256,1375,850,466,701,1213,2025-03-17 14:22:38
950,20243,사직동,8992,3989,5003,1122,1044,1412,1407,1477,2530,510,440,632,611,680,1116,612,604,780,796,797,1414,2025-03-17 14:22:38
951,20243,원효로2동,13626,6396,7230,1710,1909,2315,1973,2222,3497,776,842,1138,987,1083,1570,934,1067,1177,986,1139,1927,2025-03-17 14:22:38
952,20243,시흥1동,32115,15959,16156,3415,4325,4825,4376,5529,9645,1800,2136,2539,2286,2771,4427,1615,2189,2286,2090,2758,5218,2025-03-17 14:22:38
953,20243,신월2동,20779,10130,10649,2995,2437,2722,3270,3235,6120,1500,1246,1358,1669,1584,2773,1495,1191,1364,1601,1651,3347,2025-03-17 14:22:38
954,20243,공릉2동,41435,20163,21272,7053,6862,5438,6599,6387,9096,3643,3362,2693,3179,3130,4156,3410,3500,2745,3420,3257,4940,2025-03-17 14:22:38
955,20243,이태원2동,8657,4044,4613,767,1192,1695,1293,1247,2463,370,605,850,634,568,1017,397,587,845,659,679,1446,2025-03-17 14:22:39
956,20243,장지동,28473,13711,14762,4331,3521,4383,4387,4637,7214,2192,1799,2173,2194,2141,3212,2139,1722,2210,2193,2496,4002,2025-03-17 14:22:39
957,20243,반포2동,23322,11070,12252,5945,2189,2186,4645,3835,4522,2970,1043,901,2069,2012,2075,2975,1146,1285,2576,1823,2447,2025-03-17 14:22:39
958,20243,월계2동,25485,12230,13255,3245,2758,2828,3747,4300,8607,1680,1420,1408,1897,2107,3718,1565,1338,1420,1850,2193,4889,2025-03-17 14:22:39
959,20243,미성동,29526,14465,15061,3333,4339,4111,4090,4825,8828,1680,2109,2204,2088,2337,4047,1653,2230,1907,2002,2488,4781,2025-03-17 14:22:39
960,20243,수색동,20440,9936,10504,3213,2561,3587,2992,3554,4533,1616,1289,1750,1521,1717,2043,1597,1272,1837,1471,1837,2490,2025-03-17 14:22:39
961,20243,중계2·3동,32502,14828,17674,4195,3658,3820,4805,5565,10459,2088,1801,1884,2319,2622,4114,2107,1857,1936,2486,2943,6345,2025-03-17 14:22:39
962,20243,교남동,9715,4456,5259,1530,1142,1407,1697,1622,2317,741,521,639,785,789,981,789,621,768,912,833,1336,2025-03-17 14:22:39
963,20243,하계2동,21306,10129,11177,3682,2596,2462,3461,3825,5280,1905,1356,1168,1602,1825,2273,1777,1240,1294,1859,2000,3007,2025-03-17 14:22:39
964,20243,중계1동,26318,12840,13478,6900,2811,1858,5725,4881,4143,3691,1467,829,2470,2516,1867,3209,1344,1029,3255,2365,2276,2025-03-17 14:22:39
965,20243,답십리2동,27467,13247,14220,3293,3181,4231,3775,4588,8399,1605,1584,2158,1912,2237,3751,1688,1597,2073,1863,2351,4648,2025-03-17 14:22:39
966,20243,풍납2동,23552,11093,12459,3408,3330,3689,3709,3552,5864,1727,1415,1735,1817,1709,2690,1681,1915,1954,1892,1843,3174,2025-03-17 14:22:39
967,20243,상봉2동,20258,9631,10627,1387,4154,4749,2415,2869,4684,702,1649,2314,1283,1453,2230,685,2505,2435,1132,1416,2454,2025-03-17 14:22:39
968,20243,방배본동,20401,9406,10995,3930,2442,2230,3630,3553,4616,1855,1101,998,1601,1740,2111,2075,1341,1232,2029,1813,2505,2025-03-17 14:22:40
969,20243,회기동,10313,4883,5430,996,3406,1479,1160,1219,2053,494,1536,797,565,630,861,502,1870,682,595,589,1192,2025-03-17 14:22:40
970,20243,방학2동,18535,9360,9175,1901,2134,1972,2338,3524,6666,986,1159,1103,1212,1791,3109,915,975,869,1126,1733,3557,2025-03-17 14:22:40
971,20243,면목본동,32648,16095,16553,2811,4744,5276,4441,5854,9522,1442,2267,2771,2364,2912,4339,1369,2477,2505,2077,2942,5183,2025-03-17 14:22:40
972,20243,서초1동,20154,9749,10405,2980,2660,3273,3563,3167,4511,1582,1323,1544,1633,1558,2109,1398,1337,1729,1930,1609,2402,2025-03-17 14:22:40
973,20243,가락2동,31181,15186,15995,5254,4005,4610,5066,5110,7136,2728,1978,2264,2444,2461,3311,2526,2027,2346,2622,2649,3825,2025-03-17 14:22:40
974,20243,논현2동,20369,9434,10935,2079,3161,4071,3605,3040,4413,1050,1386,1859,1712,1436,1991,1029,1775,2212,1893,1604,2422,2025-03-17 14:22:40
975,20243,방배2동,18010,8404,9606,2442,2281,2679,2744,2828,5036,1218,1131,1237,1272,1301,2245,1224,1150,1442,1472,1527,2791,2025-03-17 14:22:40
976,20243,우이동,19766,9445,10321,2065,2304,2383,2607,3519,6888,1050,1073,1244,1355,1697,3026,1015,1231,1139,1252,1822,3862,2025-03-17 14:22:40
977,20243,장위1동,23354,11327,12027,3194,3016,3150,3511,4103,6380,1585,1488,1621,1808,1948,2877,1609,1528,1529,1703,2155,3503,2025-03-17 14:22:40
978,20243,휘경2동,24158,12015,12143,2811,5838,3023,3127,3560,5799,1391,3026,1613,1582,1781,2622,1420,2812,1410,1545,1779,3177,2025-03-17 14:22:40
979,20243,중계본동,23040,11163,11877,5334,2899,1645,4258,4637,4267,2719,1456,803,1845,2324,2016,2615,1443,842,2413,2313,2251,2025-03-17 14:22:40
980,20243,응암1동,32659,15258,17401,4871,4200,5235,5463,5059,7831,2500,1812,2497,2671,2457,3321,2371,2388,2738,2792,2602,4510,2025-03-17 14:22:41
981,20243,수유2동,20502,9717,10785,2064,2590,2319,2733,3547,7249,1076,1186,1245,1410,1682,3118,988,1404,1074,1323,1865,4131,2025-03-17 14:22:41
982,20243,창2동,28172,13658,14514,3392,3737,3782,4103,4947,8211,1737,1841,1919,2095,2330,3736,1655,1896,1863,2008,2617,4475,2025-03-17 14:22:41
983,20243,미아동,20841,9966,10875,1702,3520,2708,2628,3535,6748,904,1477,1474,1342,1747,3022,798,2043,1234,1286,1788,3726,2025-03-17 14:22:41
984,20243,휘경1동,13580,6428,7152,1420,3601,2055,1613,1886,3005,698,1505,1093,827,907,1398,722,2096,962,786,979,1607,2025-03-17 14:22:41
985,20243,남가좌2동,29083,14033,15050,4681,4083,4081,4720,4487,7031,2367,1986,1979,2379,2203,3119,2314,2097,2102,2341,2284,3912,2025-03-17 14:22:41
986,20243,황학동,12685,5986,6699,1103,2172,2968,1817,1685,2940,562,881,1456,926,818,1343,541,1291,1512,891,867,1597,2025-03-17 14:22:41
987,20243,도림동,17562,8900,8662,1605,2542,3250,2425,2902,4838,834,1234,1723,1293,1533,2283,771,1308,1527,1132,1369,2555,2025-03-17 14:22:41
988,20243,군자동,19048,9394,9654,1577,4259,3440,2476,2640,4656,826,2050,1785,1249,1328,2156,751,2209,1655,1227,1312,2500,2025-03-17 14:22:41
989,20243,가산동,24622,13262,11360,1183,6982,6580,2804,2716,4357,593,3140,3964,1719,1598,2248,590,3842,2616,1085,1118,2109,2025-03-17 14:22:41
990,20243,신사1동,26462,12698,13764,2997,3592,3776,3864,4436,7797,1530,1796,1915,1930,2094,3433,1467,1796,1861,1934,2342,4364,2025-03-17 14:22:41
991,20243,화양동,24821,11760,13061,1242,10467,4995,2328,2294,3495,569,4475,2584,1249,1238,1645,673,5992,2411,1079,1056,1850,2025-03-17 14:22:41
992,20243,신정4동,31687,15407,16280,3158,4945,4794,4564,5229,8997,1622,2327,2520,2311,2538,4089,1536,2618,2274,2253,2691,4908,2025-03-17 14:22:41
993,20243,한남동,17711,8532,9179,2037,2037,3193,2924,2831,4689,1059,1018,1548,1469,1337,2101,978,1019,1645,1455,1494,2588,2025-03-17 14:22:42
994,20243,혜화동,15833,7605,8228,1689,4273,2038,1904,2304,3625,833,2111,1077,919,1094,1571,856,2162,961,985,1210,2054,2025-03-17 14:22:42
995,20243,창3동,13163,6549,6614,1407,1487,1503,1893,2437,4436,758,776,813,984,1209,2009,649,711,690,909,1228,2427,2025-03-17 14:22:42
996,20243,북아현동,15401,7379,8022,2242,1925,2786,2525,2474,3449,1157,851,1325,1302,1197,1547,1085,1074,1461,1223,1277,1902,2025-03-17 14:22:42
997,20243,신정2동,18773,9207,9566,3948,2123,1564,3465,3405,4268,2034,1087,737,1561,1781,2007,1914,1036,827,1904,1624,2261,2025-03-17 14:22:42
998,20243,성수1가1동,15394,7652,7742,1722,2196,2841,2013,2745,3877,901,1102,1424,1008,1329,1888,821,1094,1417,1005,1416,1989,2025-03-17 14:22:42
999,20243,쌍문1동,20484,9807,10677,2281,2632,2371,2743,3678,6779,1143,1198,1234,1400,1792,3040,1138,1434,1137,1343,1886,3739,2025-03-17 14:22:42
1000,20243,길동,44395,21594,22801,4611,6297,7127,6419,7099,12842,2411,2946,3637,3290,3428,5882,2200,3351,3490,3129,3671,6960,2025-03-17 14:22:42
