1001,20241,종로5·6가동,18119,11326,6793,400,4275,5242,4463,2757,982,76,1772,3372,3267,2139,700,324,2503,1870,1196,618,282,2025-03-17 15:49:07
1002,20241,다산동,5954,3783,2171,0,1053,1917,1452,1038,494,0,433,1319,1023,638,370,0,620,598,429,400,124,2025-03-17 15:49:07
1003,20241,보광동,316,168,148,0,31,66,98,87,34,0,0,31,53,53,31,0,31,35,45,34,3,2025-03-17 15:49:07
1004,20241,부암동,1055,591,464,0,177,310,291,201,76,0,70,172,165,126,58,0,107,138,126,75,18,2025-03-17 15:49:07
1005,20241,회현동,85852,53079,32773,161,16113,30338,23534,12471,3235,32,7524,18100,15335,9829,2259,129,8589,12238,8199,2642,976,2025-03-17 15:49:07
1006,20241,효창동,1148,663,485,0,158,297,316,250,127,0,78,174,190,126,95,0,80,123,126,124,32,2025-03-17 15:49:08
1007,20241,후암동,1618,964,654,0,235,366,465,383,169,0,77,217,307,225,138,0,158,149,158,158,31,2025-03-17 15:49:08
1008,20241,금호2·3가동,238,132,106,0,23,35,58,59,63,0,0,9,29,35,59,0,23,26,29,24,4,2025-03-17 15:49:08
1009,20241,구의3동,7778,4744,3034,0,918,1641,1879,1961,1379,0,521,1148,1274,1015,786,0,397,493,605,946,593,2025-03-17 15:49:08
1010,20241,이문2동,217,117,100,0,24,49,49,56,39,0,7,24,24,31,31,0,17,25,25,25,8,2025-03-17 15:49:08
1011,20241,면목2동,2968,1720,1248,0,126,479,695,990,678,0,0,213,355,583,569,0,126,266,340,407,109,2025-03-17 15:49:08
1012,20241,상봉2동,3451,2431,1020,0,410,897,1164,794,186,0,237,637,785,591,181,0,173,260,379,203,5,2025-03-17 15:49:08
1013,20241,망우3동,196,112,84,0,2,15,54,78,47,0,0,3,21,44,44,0,2,12,33,34,3,2025-03-17 15:49:08
1014,20241,화양동,750,511,239,0,83,112,195,246,114,0,26,60,138,180,107,0,57,52,57,66,7,2025-03-17 15:49:08
1015,20241,신내1동,1252,597,655,0,219,277,230,336,190,0,56,116,109,165,151,0,163,161,121,171,39,2025-03-17 15:49:08
1016,20241,삼선동,3678,1837,1841,0,378,891,1124,924,361,0,117,378,540,584,218,0,261,513,584,340,143,2025-03-17 15:49:08
1017,20241,번2동,1063,503,560,0,129,127,306,342,159,0,48,69,130,165,91,0,81,58,176,177,68,2025-03-17 15:49:08
1018,20241,번3동,511,281,230,0,52,83,125,148,103,0,19,40,70,82,70,0,33,43,55,66,33,2025-03-17 15:49:08
1019,20241,장위2동,668,452,216,0,8,110,189,184,177,0,0,55,111,124,162,0,8,55,78,60,15,2025-03-17 15:49:08
1020,20241,상계1동,3429,2169,1260,0,398,714,820,873,624,0,236,478,532,538,385,0,162,236,288,335,239,2025-03-17 15:49:08
1021,20241,상계6·7동,7209,3192,4017,0,1013,1698,1857,1839,802,0,263,648,838,992,451,0,750,1050,1019,847,351,2025-03-17 15:49:08
1022,20241,상계5동,866,436,430,0,5,39,150,247,425,0,1,27,59,107,242,0,4,12,91,140,183,2025-03-17 15:49:09
1023,20241,월계2동,21,10,11,0,2,5,6,6,2,0,0,2,3,3,2,0,2,3,3,3,0,2025-03-17 15:49:09
1024,20241,중계본동,642,308,334,0,67,131,162,194,88,0,32,66,69,86,55,0,35,65,93,108,33,2025-03-17 15:49:09
1025,20241,역촌동,2751,1312,1439,0,447,553,732,640,379,0,152,245,348,304,263,0,295,308,384,336,116,2025-03-17 15:49:09
1026,20241,북가좌1동,326,273,53,0,1,9,33,72,211,0,0,3,15,52,203,0,1,6,18,20,8,2025-03-17 15:49:09
1027,20241,중계2·3동,1011,562,449,0,136,262,258,258,97,0,81,155,132,134,60,0,55,107,126,124,37,2025-03-17 15:49:09
1028,20241,목4동,1884,1172,712,0,211,427,568,481,197,0,81,261,338,309,183,0,130,166,230,172,14,2025-03-17 15:49:09
1029,20241,목3동,1514,836,678,0,198,332,405,366,213,0,99,192,221,184,140,0,99,140,184,182,73,2025-03-17 15:49:09
1030,20241,신정7동,353,208,145,0,42,84,108,79,40,0,19,47,65,48,29,0,23,37,43,31,11,2025-03-17 15:49:09
1031,20241,화곡본동,2162,1261,901,0,192,425,541,545,459,0,57,253,315,289,347,0,135,172,226,256,112,2025-03-17 15:49:09
1032,20241,오류2동,714,443,271,0,65,162,186,185,116,0,29,94,108,118,94,0,36,68,78,67,22,2025-03-17 15:49:09
1033,20241,수궁동,1304,903,401,0,120,252,306,375,251,0,75,163,196,260,209,0,45,89,110,115,42,2025-03-17 15:49:09
1034,20241,당산1동,5713,3446,2267,0,976,1633,1279,1048,777,0,387,911,807,742,599,0,589,722,472,306,178,2025-03-17 15:49:09
1035,20241,신도림동,15684,10325,5359,0,2575,4881,3830,2852,1546,0,1067,3324,2768,1981,1185,0,1508,1557,1062,871,361,2025-03-17 15:49:09
1036,20241,신길1동,3295,1408,1887,0,572,815,743,647,518,0,149,387,347,264,261,0,423,428,396,383,257,2025-03-17 15:49:09
1037,20241,사당1동,2903,1557,1346,0,475,738,797,528,365,0,137,361,402,331,326,0,338,377,395,197,39,2025-03-17 15:49:09
1038,20241,노량진2동,3154,1642,1512,0,505,931,765,647,306,0,264,409,350,415,204,0,241,522,415,232,102,2025-03-17 15:49:09
1039,20241,시흥2동,732,429,303,0,75,148,183,217,109,0,41,85,103,126,74,0,34,63,80,91,35,2025-03-17 15:49:10
1040,20241,난곡동,847,489,358,0,45,187,211,290,114,0,10,96,105,174,104,0,35,91,106,116,10,2025-03-17 15:49:10
1041,20241,난향동,325,158,167,0,35,73,93,72,52,0,5,33,39,37,44,0,30,40,54,35,8,2025-03-17 15:49:10
1042,20241,방배3동,10742,7029,3713,48,1697,3188,2906,1747,1156,14,863,1997,2084,1205,866,34,834,1191,822,542,290,2025-03-17 15:49:10
1043,20241,은천동,843,405,438,0,113,160,177,233,160,0,36,77,92,105,95,0,77,83,85,128,65,2025-03-17 15:49:10
1044,20241,삼성1동,214989,145072,69917,532,43316,64476,57579,38167,10919,264,23280,42620,42460,29923,6525,268,20036,21856,15119,8244,4394,2025-03-17 15:49:10
1045,20241,양재2동,44246,33258,10988,2,5872,10847,12472,11704,3349,1,3555,7989,9587,9562,2564,1,2317,2858,2885,2142,785,2025-03-17 15:49:10
1046,20241,잠원동,11344,6577,4767,0,2364,3351,2810,1755,1064,0,930,1966,1864,1099,718,0,1434,1385,946,656,346,2025-03-17 15:49:10
1047,20241,문정2동,37090,23328,13762,56,5321,11298,11371,6570,2474,22,2550,6380,7795,5037,1544,34,2771,4918,3576,1533,930,2025-03-17 15:49:10
1048,20241,마천2동,1272,838,434,0,86,304,378,351,153,0,54,196,220,215,153,0,32,108,158,136,0,2025-03-17 15:49:10
1049,20241,잠실본동,10964,7018,3946,0,1485,2111,2566,2444,2358,0,650,1283,1612,1681,1792,0,835,828,954,763,566,2025-03-17 15:49:10
1050,20241,잠실4동,4260,3421,839,21,570,1338,1237,902,192,9,410,1097,1020,736,149,12,160,241,217,166,43,2025-03-17 15:49:10
1051,20241,무악동,423,113,310,0,120,120,109,52,22,0,27,27,35,13,11,0,93,93,74,39,11,2025-03-17 15:49:10
1052,20241,사직동,38826,24316,14510,10,5130,10990,11706,7710,3280,0,2146,6755,8012,5381,2022,10,2984,4235,3694,2329,1258,2025-03-17 15:49:10
1053,20241,필동,14869,6999,7870,0,2139,3778,4591,3258,1103,0,724,1871,2163,1529,712,0,1415,1907,2428,1729,391,2025-03-17 15:49:10
1054,20241,이태원1동,18256,8052,10204,0,5359,6986,3593,1768,550,0,1406,2928,1988,1280,450,0,3953,4058,1605,488,100,2025-03-17 15:49:10
1055,20241,이촌1동,4473,2865,1608,12,724,1207,1253,917,360,10,358,742,884,618,253,2,366,465,369,299,107,2025-03-17 15:49:10
1056,20241,청구동,13042,7126,5916,0,1893,3441,3080,2805,1823,0,638,1782,1928,1713,1065,0,1255,1659,1152,1092,758,2025-03-17 15:49:11
1057,20241,왕십리도선동,2960,1359,1601,0,490,569,619,733,549,0,167,315,335,308,234,0,323,254,284,425,315,2025-03-17 15:49:11
1058,20241,응봉동,419,177,242,0,101,110,89,76,43,0,26,40,40,38,33,0,75,70,49,38,10,2025-03-17 15:49:11
1059,20241,이문1동,1176,518,658,0,221,317,334,218,86,0,31,118,166,134,69,0,190,199,168,84,17,2025-03-17 15:49:11
1060,20241,제기동,9210,5573,3637,0,1096,2349,2329,1982,1454,0,413,1404,1509,1170,1077,0,683,945,820,812,377,2025-03-17 15:49:11
1061,20241,망우본동,1159,615,544,0,98,215,274,379,193,0,10,83,129,209,184,0,88,132,145,170,9,2025-03-17 15:49:11
1062,20241,중곡2동,1991,1168,823,0,249,400,529,485,328,0,167,233,283,259,226,0,82,167,246,226,102,2025-03-17 15:49:11
1063,20241,중곡3동,634,445,189,0,46,161,198,157,72,0,30,127,120,108,60,0,16,34,78,49,12,2025-03-17 15:49:11
1064,20241,묵2동,1139,798,341,0,164,286,278,323,88,0,98,195,182,241,82,0,66,91,96,82,6,2025-03-17 15:49:11
1065,20241,길음1동,3566,1740,1826,234,1248,878,599,389,218,95,538,463,296,179,169,139,710,415,303,210,49,2025-03-17 15:49:11
1066,20241,송중동,918,450,468,0,50,139,298,264,167,0,9,50,126,126,139,0,41,89,172,138,28,2025-03-17 15:49:11
1067,20241,송천동,437,246,191,0,3,40,75,139,180,0,0,13,30,95,108,0,3,27,45,44,72,2025-03-17 15:49:11
1068,20241,도봉1동,1270,908,362,0,2,94,323,508,343,0,0,52,189,369,298,0,2,42,134,139,45,2025-03-17 15:49:11
1069,20241,응암2동,429,287,142,0,47,47,109,131,95,0,27,27,65,79,89,0,20,20,44,52,6,2025-03-17 15:49:11
1070,20241,홍은1동,2739,539,2200,0,84,203,752,1311,389,0,28,66,141,159,145,0,56,137,611,1152,244,2025-03-17 15:49:11
1071,20241,중계1동,1073,591,482,0,141,235,322,269,106,0,61,128,170,148,84,0,80,107,152,121,22,2025-03-17 15:49:11
1072,20241,용강동,12219,7268,4951,0,1787,3015,2894,2427,2096,0,873,1790,1915,1413,1277,0,914,1225,979,1014,819,2025-03-17 15:49:11
1073,20241,망원2동,3385,2037,1348,0,424,630,726,1032,573,0,237,469,514,481,336,0,187,161,212,551,237,2025-03-17 15:49:12
1074,20241,상암동,13325,8216,5109,18,2819,4883,3639,1493,473,7,1235,3088,2422,1062,402,11,1584,1795,1217,431,71,2025-03-17 15:49:12
1075,20241,연남동,2215,1408,807,0,345,535,564,485,286,0,148,286,341,348,285,0,197,249,223,137,1,2025-03-17 15:49:12
1076,20241,신월6동,536,314,222,0,54,102,123,145,112,0,20,53,66,82,93,0,34,49,57,63,19,2025-03-17 15:49:12
1077,20241,목2동,2740,1533,1207,0,380,667,730,628,335,0,180,364,406,359,224,0,200,303,324,269,111,2025-03-17 15:49:12
1078,20241,홍제2동,239,120,119,0,32,51,64,56,36,0,10,33,32,27,18,0,22,18,32,29,18,2025-03-17 15:49:12
1079,20241,등촌2동,1806,1072,734,0,208,362,441,468,327,0,87,198,264,298,225,0,121,164,177,170,102,2025-03-17 15:49:12
1080,20241,화곡2동,5028,3087,1941,0,634,1386,1303,1218,487,0,384,921,806,640,336,0,250,465,497,578,151,2025-03-17 15:49:12
1081,20241,개봉3동,1071,671,400,0,128,273,284,235,151,0,64,174,174,136,123,0,64,99,110,99,28,2025-03-17 15:49:12
1082,20241,신정1동,6180,3613,2567,23,1091,1552,1551,1317,646,23,452,968,933,764,473,0,639,584,618,553,173,2025-03-17 15:49:12
1083,20241,독산3동,2918,2129,789,0,196,447,538,583,1154,0,105,283,289,347,1105,0,91,164,249,236,49,2025-03-17 15:49:12
1084,20241,가리봉동,563,259,304,0,12,95,138,127,191,0,2,46,57,46,108,0,10,49,81,81,83,2025-03-17 15:49:12
1085,20241,대림1동,1030,374,656,0,346,246,228,163,47,0,56,81,114,82,41,0,290,165,114,81,6,2025-03-17 15:49:12
1086,20241,신길7동,1873,1285,588,0,215,359,423,539,337,0,132,246,286,350,271,0,83,113,137,189,66,2025-03-17 15:49:12
1087,20241,대방동,6596,4405,2191,0,1090,1797,1560,1479,670,0,586,1230,1088,1073,428,0,504,567,472,406,242,2025-03-17 15:49:12
1088,20241,여의동,201758,143165,58593,463,37097,72314,51883,30938,9063,170,20475,51688,40070,24622,6140,293,16622,20626,11813,6316,2923,2025-03-17 15:49:12
1089,20241,노량진1동,2666,1489,1177,0,345,641,679,637,364,0,143,366,410,345,225,0,202,275,269,292,139,2025-03-17 15:49:12
1090,20241,낙성대동,4335,2394,1941,0,707,1489,929,669,541,0,320,783,481,387,423,0,387,706,448,282,118,2025-03-17 15:49:13
1091,20241,행운동,1975,1109,866,0,291,488,466,453,277,0,142,277,248,236,206,0,149,211,218,217,71,2025-03-17 15:49:13
1092,20241,양재1동,20452,13209,7243,233,4798,5664,4641,3059,2057,111,2432,3807,3269,2041,1549,122,2366,1857,1372,1018,508,2025-03-17 15:49:13
1093,20241,역삼1동,157737,93388,64349,188,31880,48041,40695,27564,9369,45,15270,29978,26576,14929,6590,143,16610,18063,14119,12635,2779,2025-03-17 15:49:13
1094,20241,청림동,220,126,94,0,32,73,73,33,9,0,13,42,43,21,7,0,19,31,30,12,2,2025-03-17 15:49:13
1095,20241,반포3동,2501,1395,1106,1,398,637,553,502,410,0,169,375,365,292,194,1,229,262,188,210,216,2025-03-17 15:49:13
1096,20241,송파1동,20397,12734,7663,0,2895,4579,5069,4438,3416,0,1236,2704,3295,2981,2518,0,1659,1875,1774,1457,898,2025-03-17 15:49:13
1097,20241,송파2동,3402,2143,1259,3,542,847,891,810,309,3,262,537,641,506,194,0,280,310,250,304,115,2025-03-17 15:49:13
1098,20241,길동,7262,3689,3573,0,1013,1459,1661,1781,1348,0,388,781,888,816,816,0,625,678,773,965,532,2025-03-17 15:49:13
1099,20241,풍납2동,372,182,190,0,81,126,92,57,16,0,22,65,48,35,12,0,59,61,44,22,4,2025-03-17 15:49:13
1100,20241,고덕2동,888,563,325,0,44,111,200,312,221,0,4,48,116,215,180,0,40,63,84,97,41,2025-03-17 15:49:13
1101,20241,혜화동,4341,2119,2222,0,699,1189,1063,871,519,0,235,582,565,449,288,0,464,607,498,422,231,2025-03-17 15:49:13
1102,20241,광희동,52790,26286,26504,469,15141,13894,10859,8353,4074,187,7353,8084,6266,2845,1551,282,7788,5810,4593,5508,2523,2025-03-17 15:49:13
1103,20241,가회동,10719,7983,2736,1,1143,3698,3218,2018,641,1,592,2713,2522,1658,497,0,551,985,696,360,144,2025-03-17 15:49:13
1104,20241,숭인1동,195,87,108,0,35,43,48,45,24,0,0,18,24,24,21,0,35,25,24,21,3,2025-03-17 15:49:13
1105,20241,남영동,16969,7145,9824,127,6466,4190,3236,2179,771,4,1220,2248,1917,1172,584,123,5246,1942,1319,1007,187,2025-03-17 15:49:13
1106,20241,서빙고동,7358,4832,2526,0,1309,2194,2273,1168,414,0,630,1283,1661,931,327,0,679,911,612,237,87,2025-03-17 15:49:13
1107,20241,송정동,720,467,253,0,89,177,189,148,117,0,42,113,110,94,108,0,47,64,79,54,9,2025-03-17 15:49:13
1108,20241,신당5동,604,327,277,0,23,140,177,156,108,0,6,53,90,87,91,0,17,87,87,69,17,2025-03-17 15:49:13
1109,20241,광장동,5323,3225,2098,34,1657,1406,1035,822,369,5,794,905,699,551,271,29,863,501,336,271,98,2025-03-17 15:49:13
1110,20241,능동,1102,700,402,0,153,264,292,222,171,0,72,161,189,137,141,0,81,103,103,85,30,2025-03-17 15:49:13
1111,20241,자양3동,1581,1164,417,0,181,419,449,403,129,0,117,298,335,303,111,0,64,121,114,100,18,2025-03-17 15:49:14
1112,20241,용신동,16487,8520,7967,0,2055,3648,4057,4032,2695,0,970,2096,2140,1845,1469,0,1085,1552,1917,2187,1226,2025-03-17 15:49:14
1113,20241,면목7동,581,344,237,0,36,88,164,191,102,0,0,37,89,116,102,0,36,51,75,75,0,2025-03-17 15:49:14
1114,20241,동선동,3905,1936,1969,0,490,821,897,1010,687,0,141,354,439,563,439,0,349,467,458,447,248,2025-03-17 15:49:14
1115,20241,길음2동,286,107,179,0,15,57,88,92,34,0,3,17,42,28,17,0,12,40,46,64,17,2025-03-17 15:49:14
1116,20241,보문동,2689,2024,665,0,256,800,564,563,506,0,137,635,450,450,352,0,119,165,114,113,154,2025-03-17 15:49:14
1117,20241,성북동,15450,11773,3677,0,2024,3799,4489,4473,665,0,1117,2658,3552,3982,464,0,907,1141,937,491,201,2025-03-17 15:49:14
1118,20241,종암동,12167,6414,5753,0,1062,3086,4289,3464,266,0,462,1143,1961,2686,162,0,600,1943,2328,778,104,2025-03-17 15:49:14
1119,20241,번1동,1761,1098,663,0,177,360,344,496,384,0,73,233,217,342,233,0,104,127,127,154,151,2025-03-17 15:49:14
1120,20241,인수동,2202,1334,868,0,166,434,598,681,323,0,37,246,377,410,264,0,129,188,221,271,59,2025-03-17 15:49:14
1121,20241,창3동,529,295,234,0,9,101,227,170,22,0,0,64,138,71,22,0,9,37,89,99,0,2025-03-17 15:49:14
1122,20241,창4동,1452,913,539,0,156,276,355,401,264,0,66,146,211,271,219,0,90,130,144,130,45,2025-03-17 15:49:14
1123,20241,상계3·4동,419,316,103,0,7,18,115,179,100,0,0,9,75,139,93,0,7,9,40,40,7,2025-03-17 15:49:14
1124,20241,신사1동,1154,619,535,0,103,247,272,297,235,0,36,121,151,143,168,0,67,126,121,154,67,2025-03-17 15:49:14
1125,20241,불광1동,1687,719,968,0,233,406,462,394,192,0,80,174,196,171,98,0,153,232,266,223,94,2025-03-17 15:49:14
1126,20241,불광2동,10488,5018,5470,0,421,1495,1788,2315,4469,0,99,764,731,950,2474,0,322,731,1057,1365,1995,2025-03-17 15:49:14
1127,20241,상계10동,386,161,225,0,60,82,103,111,30,0,12,34,39,53,23,0,48,48,64,58,7,2025-03-17 15:49:14
1128,20241,응암1동,1751,972,779,0,169,291,418,407,466,0,70,141,217,205,339,0,99,150,201,202,127,2025-03-17 15:49:14
1129,20241,진관동,640,337,303,0,56,161,179,158,86,0,24,102,102,65,44,0,32,59,77,93,42,2025-03-17 15:49:14
1130,20241,북아현동,938,686,252,0,98,217,259,266,98,0,40,161,201,205,79,0,58,56,58,61,19,2025-03-17 15:49:14
1131,20241,공덕동,12823,7440,5383,4,2870,3550,3515,2252,632,0,1131,1885,2247,1701,476,4,1739,1665,1268,551,156,2025-03-17 15:49:15
1132,20241,대흥동,3136,1546,1590,0,1294,715,453,431,243,0,498,369,248,262,169,0,796,346,205,169,74,2025-03-17 15:49:15
1133,20241,대조동,1501,744,757,0,145,336,421,365,234,0,34,166,202,163,179,0,111,170,219,202,55,2025-03-17 15:49:15
1134,20241,서교동,24904,12720,12184,0,5217,7000,5782,4116,2789,0,2141,3500,3181,2168,1730,0,3076,3500,2601,1948,1059,2025-03-17 15:49:15
1135,20241,아현동,4414,2432,1982,0,838,1434,1260,748,134,0,366,802,704,456,104,0,472,632,556,292,30,2025-03-17 15:49:15
1136,20241,성산2동,1476,660,816,0,112,280,410,480,194,0,34,138,184,188,116,0,78,142,226,292,78,2025-03-17 15:49:15
1137,20241,화곡1동,3969,2254,1715,0,349,832,1008,1149,631,0,153,490,555,647,409,0,196,342,453,502,222,2025-03-17 15:49:15
1138,20241,화곡4동,1640,727,913,0,382,457,340,309,152,0,75,195,168,168,121,0,307,262,172,141,31,2025-03-17 15:49:15
1139,20241,방화1동,3439,2722,717,0,337,736,859,997,510,0,258,605,691,829,339,0,79,131,168,168,171,2025-03-17 15:49:15
1140,20241,고척1동,2225,1591,634,0,191,454,593,674,313,0,100,308,414,509,260,0,91,146,179,165,53,2025-03-17 15:49:15
1141,20241,신정3동,1399,1010,389,0,110,269,354,299,367,0,53,166,241,211,339,0,57,103,113,88,28,2025-03-17 15:49:15
1142,20241,시흥3동,1998,1185,813,0,142,294,462,523,577,0,74,191,269,285,366,0,68,103,193,238,211,2025-03-17 15:49:15
1143,20241,독산2동,1302,759,543,0,131,270,316,418,167,0,73,122,158,256,150,0,58,148,158,162,17,2025-03-17 15:49:15
1144,20241,사당2동,1408,771,637,0,219,421,389,261,118,0,104,253,231,120,63,0,115,168,158,141,55,2025-03-17 15:49:15
1145,20241,신길4동,715,357,358,0,119,170,184,169,73,0,41,79,90,91,56,0,78,91,94,78,17,2025-03-17 15:49:15
1146,20241,영등포동,13005,7280,5725,0,2384,3229,3101,2575,1716,0,876,1800,1932,1515,1157,0,1508,1429,1169,1060,559,2025-03-17 15:49:15
1147,20241,서원동,1726,698,1028,0,315,377,319,391,324,0,66,147,161,142,182,0,249,230,158,249,142,2025-03-17 15:49:15
1148,20241,성현동,1199,452,747,1,174,211,274,365,174,1,80,111,124,97,39,0,94,100,150,268,135,2025-03-17 15:49:15
1149,20241,흑석동,76,46,30,0,0,20,26,20,10,0,0,10,16,10,10,0,0,10,10,10,0,2025-03-17 15:49:15
1150,20241,삼성동,713,410,303,0,57,137,210,208,101,0,24,68,110,113,95,0,33,69,100,95,6,2025-03-17 15:49:15
1151,20241,방배2동,32778,15950,16828,0,5555,8420,9041,6297,3465,0,1921,3769,4172,3737,2351,0,3634,4651,4869,2560,1114,2025-03-17 15:49:15
1152,20241,인헌동,909,532,377,0,187,277,240,135,70,0,83,173,145,69,62,0,104,104,95,66,8,2025-03-17 15:49:16
1153,20241,사당5동,1281,702,579,0,146,324,393,314,104,0,62,148,205,183,104,0,84,176,188,131,0,2025-03-17 15:49:16
1154,20241,서초1동,41721,23337,18384,2,8767,10822,9223,10183,2724,0,3149,5819,5339,7051,1979,2,5618,5003,3884,3132,745,2025-03-17 15:49:16
1155,20241,도곡1동,28100,19906,8194,41,4805,6545,7823,7121,1765,41,2437,4289,5882,5824,1433,0,2368,2256,1941,1297,332,2025-03-17 15:49:16
1156,20241,방배1동,17414,11559,5855,41,3449,5375,4250,3161,1138,39,1636,3280,3137,2605,862,2,1813,2095,1113,556,276,2025-03-17 15:49:16
1157,20241,거여1동,3002,2255,747,0,756,872,726,395,253,0,526,699,562,273,195,0,230,173,164,122,58,2025-03-17 15:49:16
1158,20241,대치1동,14138,7534,6604,16,2582,4621,3529,2200,1190,5,970,2293,1994,1405,867,11,1612,2328,1535,795,323,2025-03-17 15:49:16
1159,20241,명일1동,2757,1540,1217,0,409,742,700,494,412,0,186,454,459,252,189,0,223,288,241,242,223,2025-03-17 15:49:16
1160,20241,둔촌2동,2158,970,1188,0,412,568,471,449,258,0,112,236,235,213,174,0,300,332,236,236,84,2025-03-17 15:49:16
1161,20241,성내3동,5543,3369,2174,0,751,1257,1404,1173,958,0,392,807,860,669,641,0,359,450,544,504,317,2025-03-17 15:49:16
1162,20241,교남동,689,411,278,0,68,180,196,143,102,0,18,91,117,98,87,0,50,89,79,45,15,2025-03-17 15:49:16
1163,20241,을지로동,15636,8536,7100,0,3783,3785,3429,2735,1904,0,986,2093,2230,1893,1334,0,2797,1692,1199,842,570,2025-03-17 15:49:16
1164,20241,한남동,28708,21055,7653,15,4744,8508,7564,6602,1275,15,2258,5674,6131,5934,1043,0,2486,2834,1433,668,232,2025-03-17 15:49:16
1165,20241,약수동,9944,3844,6100,19,1603,3722,2752,1363,485,0,491,1311,913,781,348,19,1112,2411,1839,582,137,2025-03-17 15:49:16
1166,20241,성수2가3동,40575,25998,14577,49,6680,10329,10153,8152,5212,49,3704,6900,6833,4917,3595,0,2976,3429,3320,3235,1617,2025-03-17 15:49:16
1167,20241,자양2동,1864,1164,700,0,259,417,499,494,195,0,179,271,290,268,156,0,80,146,209,226,39,2025-03-17 15:49:16
1168,20241,마장동,6039,4290,1749,0,487,1069,1386,2007,1090,0,292,742,1009,1423,824,0,195,327,377,584,266,2025-03-17 15:49:16
1169,20241,면목5동,837,620,217,0,52,126,244,229,186,0,51,113,119,152,185,0,1,13,125,77,1,2025-03-17 15:49:16
1170,20241,휘경2동,844,434,410,0,108,190,220,206,120,0,28,90,116,108,92,0,80,100,104,98,28,2025-03-17 15:49:16
1171,20241,우이동,1300,825,475,0,28,71,181,335,685,0,0,30,102,236,457,0,28,41,79,99,228,2025-03-17 15:49:16
1172,20241,수유1동,870,390,480,0,47,138,255,294,136,0,0,42,101,129,118,0,47,96,154,165,18,2025-03-17 15:49:16
1173,20241,안암동,2475,1658,817,0,312,670,722,549,222,0,160,420,465,406,207,0,152,250,257,143,15,2025-03-17 15:49:17
1174,20241,장위1동,390,212,178,0,70,86,102,81,51,0,34,51,51,38,38,0,36,35,51,43,13,2025-03-17 15:49:17
1175,20241,정릉2동,1024,425,599,0,152,258,288,233,93,0,13,99,112,109,92,0,139,159,176,124,1,2025-03-17 15:49:17
1176,20241,정릉1동,471,264,207,0,42,88,110,141,90,0,0,31,55,89,89,0,42,57,55,52,1,2025-03-17 15:49:17
1177,20241,갈현1동,1802,910,892,0,301,427,432,414,228,0,107,219,216,208,160,0,194,208,216,206,68,2025-03-17 15:49:17
1178,20241,신사2동,775,567,208,0,75,157,208,198,137,0,64,111,121,136,135,0,11,46,87,62,2,2025-03-17 15:49:17
1179,20241,망원1동,2526,1428,1098,0,705,713,534,377,197,0,405,383,262,226,152,0,300,330,272,151,45,2025-03-17 15:49:17
1180,20241,목1동,12735,8256,4479,6,2216,3475,3185,2594,1259,4,1037,2276,2256,1863,820,2,1179,1199,929,731,439,2025-03-17 15:49:17
1181,20241,방화3동,1716,1110,606,0,167,368,437,471,273,0,84,195,270,329,232,0,83,173,167,142,41,2025-03-17 15:49:17
1182,20241,구로5동,10695,6744,3951,2,1512,2515,2776,2368,1522,2,849,1734,1834,1405,920,0,663,781,942,963,602,2025-03-17 15:49:17
1183,20241,화곡8동,1483,820,663,0,190,418,448,260,167,0,85,224,224,167,120,0,105,194,224,93,47,2025-03-17 15:49:17
1184,20241,구로2동,10444,6475,3969,2,1234,2439,2637,2650,1482,1,570,1448,1584,1747,1125,1,664,991,1053,903,357,2025-03-17 15:49:17
1185,20241,독산1동,9731,6253,3478,0,742,1316,1630,2147,3896,0,444,878,1050,1327,2554,0,298,438,580,820,1342,2025-03-17 15:49:17
1186,20241,독산4동,1104,651,453,0,118,187,231,265,303,0,83,112,143,127,186,0,35,75,88,138,117,2025-03-17 15:49:17
1187,20241,대림3동,4344,2834,1510,0,416,910,1139,1044,835,0,213,646,818,661,496,0,203,264,321,383,339,2025-03-17 15:49:17
1188,20241,대림2동,2866,1461,1405,0,532,685,636,443,570,0,210,364,272,248,367,0,322,321,364,195,203,2025-03-17 15:49:17
1189,20241,상도2동,805,415,390,0,85,199,217,208,96,0,38,104,113,104,56,0,47,95,104,104,40,2025-03-17 15:49:17
1190,20241,서림동,1147,651,496,0,162,208,290,249,238,0,81,109,155,149,157,0,81,99,135,100,81,2025-03-17 15:49:17
1191,20241,서초4동,32314,18482,13832,106,6315,9902,8120,5716,2155,45,2399,5657,5270,3593,1518,61,3916,4245,2850,2123,637,2025-03-17 15:49:17
1192,20241,도곡2동,114106,78028,36078,535,21806,44841,32782,11818,2324,341,11652,30710,25200,8601,1524,194,10154,14131,7582,3217,800,2025-03-17 15:49:17
1193,20241,반포1동,7778,4809,2969,0,1415,2610,1960,1182,611,0,667,1708,1316,656,462,0,748,902,644,526,149,2025-03-17 15:49:17
1194,20241,문정1동,26466,20449,6017,0,2405,4938,7625,9988,1510,0,1416,3562,5935,8559,977,0,989,1376,1690,1429,533,2025-03-17 15:49:18
1195,20241,명일2동,1737,1190,547,0,208,495,466,366,202,0,106,350,338,235,161,0,102,145,128,131,41,2025-03-17 15:49:18
1196,20241,석촌동,6810,4488,2322,0,830,1552,1584,1401,1443,0,480,1118,1066,815,1009,0,350,434,518,586,434,2025-03-17 15:49:18
1197,20241,잠실3동,27271,18487,8784,116,4969,6844,6801,5172,3369,54,2589,4736,5029,3704,2375,62,2380,2108,1772,1468,994,2025-03-17 15:49:18
1198,20241,창신1동,1699,726,973,0,47,291,578,475,308,0,5,73,193,218,237,0,42,218,385,257,71,2025-03-17 15:49:18
1199,20241,창신2동,56,4,52,0,0,0,13,32,11,0,0,0,0,4,0,0,0,0,13,28,11,2025-03-17 15:49:18
1200,20241,창신3동,96,40,56,0,8,26,25,32,5,0,1,9,9,16,5,0,7,17,16,16,0,2025-03-17 15:49:18
1201,20241,이화동,1345,750,595,0,200,338,352,283,172,0,62,151,211,193,133,0,138,187,141,90,39,2025-03-17 15:49:18
1202,20241,신당동,4003,2167,1836,0,1228,845,749,713,468,0,533,448,383,475,328,0,695,397,366,238,140,2025-03-17 15:49:18
1203,20241,원효로2동,2630,1920,710,0,416,808,735,425,246,0,241,579,569,324,207,0,175,229,166,101,39,2025-03-17 15:49:18
1204,20241,이태원2동,755,430,325,0,113,269,216,104,53,0,53,147,117,60,53,0,60,122,99,44,0,2025-03-17 15:49:18
1205,20241,이촌2동,1693,1143,550,0,245,462,500,367,119,0,113,288,375,281,86,0,132,174,125,86,33,2025-03-17 15:49:18
1206,20241,한강로동,44336,21895,22441,62,9063,13874,12681,6513,2143,27,3691,6496,6309,3962,1410,35,5372,7378,6372,2551,733,2025-03-17 15:49:18
1207,20241,소공동,96440,51200,45240,498,27908,30449,21214,12761,3610,126,9073,15147,15131,9317,2406,372,18835,15302,6083,3444,1204,2025-03-17 15:49:18
1208,20241,행당1동,1334,918,416,0,164,282,346,388,154,0,82,178,242,295,121,0,82,104,104,93,33,2025-03-17 15:49:18
1209,20241,금호4가동,419,249,170,0,52,95,117,100,55,0,18,48,77,61,45,0,34,47,40,39,10,2025-03-17 15:49:18
1210,20241,장안2동,4530,2436,2094,0,1404,880,925,850,471,0,727,505,431,411,362,0,677,375,494,439,109,2025-03-17 15:49:18
1211,20241,전농2동,885,462,423,0,105,184,234,238,124,0,43,86,127,124,82,0,62,98,107,114,42,2025-03-17 15:49:18
1212,20241,청량리동,1775,954,821,0,307,538,337,325,268,0,109,313,187,186,159,0,198,225,150,139,109,2025-03-17 15:49:19
1213,20241,중화1동,893,475,418,0,84,197,241,218,153,0,24,75,113,128,135,0,60,122,128,90,18,2025-03-17 15:49:19
1214,20241,돈암1동,152,71,81,0,44,46,31,22,9,0,11,23,17,12,8,0,33,23,14,10,1,2025-03-17 15:49:19
1215,20241,미아동,4013,2324,1689,0,289,706,1241,1212,565,0,89,346,702,760,427,0,200,360,539,452,138,2025-03-17 15:49:19
1216,20241,정릉4동,948,588,360,0,56,144,234,316,198,0,10,72,151,216,139,0,46,72,83,100,59,2025-03-17 15:49:19
1217,20241,쌍문4동,175,92,83,0,16,40,52,47,20,0,3,19,26,26,18,0,13,21,26,21,2,2025-03-17 15:49:19
1218,20241,증산동,1869,1221,648,0,238,503,513,433,182,0,107,333,338,292,151,0,131,170,175,141,31,2025-03-17 15:49:19
1219,20241,남가좌2동,903,464,439,0,77,189,270,275,92,0,10,89,128,153,84,0,67,100,142,122,8,2025-03-17 15:49:19
1220,20241,북가좌2동,1266,642,624,0,165,250,294,335,222,0,26,127,171,179,139,0,139,123,123,156,83,2025-03-17 15:49:19
1221,20241,연희동,21401,14196,7205,0,3384,5345,4614,6001,2057,0,1892,3596,2902,4324,1482,0,1492,1749,1712,1677,575,2025-03-17 15:49:19
1222,20241,충현동,11306,7045,4261,0,1398,2898,3003,2692,1315,0,657,1760,1909,1774,945,0,741,1138,1094,918,370,2025-03-17 15:49:19
1223,20241,천연동,913,491,422,0,68,146,243,327,129,0,17,66,137,191,80,0,51,80,106,136,49,2025-03-17 15:49:19
1224,20241,구산동,1455,777,678,0,169,270,323,474,219,0,66,121,151,294,145,0,103,149,172,180,74,2025-03-17 15:49:19
1225,20241,수색동,244,158,86,0,31,66,60,48,39,0,15,43,38,31,31,0,16,23,22,17,8,2025-03-17 15:49:19
1226,20241,합정동,5432,3054,2378,0,887,1599,1455,984,507,0,330,786,912,657,369,0,557,813,543,327,138,2025-03-17 15:49:19
1227,20241,신월1동,1782,1174,608,0,137,307,419,613,306,0,76,191,250,414,243,0,61,116,169,199,63,2025-03-17 15:49:19
1228,20241,신월2동,1190,691,499,0,91,193,323,332,251,0,53,116,164,178,180,0,38,77,159,154,71,2025-03-17 15:49:19
1229,20241,신수동,2170,1233,937,0,263,605,610,533,159,0,97,284,350,371,131,0,166,321,260,162,28,2025-03-17 15:49:20
1230,20241,신월7동,2299,1509,790,0,248,381,469,549,652,0,186,289,313,331,390,0,62,92,156,218,262,2025-03-17 15:49:20
1231,20241,가양1동,2416,1516,900,0,252,505,556,588,515,0,101,310,337,384,384,0,151,195,219,204,131,2025-03-17 15:49:20
1232,20241,가양3동,1182,761,421,2,198,262,332,246,142,1,130,175,213,146,96,1,68,87,119,100,46,2025-03-17 15:49:20
1233,20241,오류1동,2151,1374,777,0,275,401,535,627,313,0,201,276,321,356,220,0,74,125,214,271,93,2025-03-17 15:49:20
1234,20241,가산동,95655,62951,32704,283,18856,29752,23688,14009,9067,185,10008,19990,17091,9311,6366,98,8848,9762,6597,4698,2701,2025-03-17 15:49:20
1235,20241,문래동,71867,52241,19626,32,11101,23517,22164,11324,3729,6,6202,17886,18113,7686,2348,26,4899,5631,4051,3638,1381,2025-03-17 15:49:20
1236,20241,신길6동,1442,930,512,0,138,347,388,317,252,0,69,221,237,209,194,0,69,126,151,108,58,2025-03-17 15:49:20
1237,20241,양평2동,11342,6502,4840,0,2061,3101,3143,1963,1074,0,894,1873,1781,1158,796,0,1167,1228,1362,805,278,2025-03-17 15:49:20
1238,20241,상도4동,710,424,286,0,83,171,186,177,93,0,39,99,109,128,49,0,44,72,77,49,44,2025-03-17 15:49:20
1239,20241,상도1동,2227,1282,945,0,354,543,540,492,298,0,152,302,327,299,202,0,202,241,213,193,96,2025-03-17 15:49:20
1240,20241,대치4동,31032,19078,11954,67,4984,9245,8439,5292,3005,0,2142,5591,5771,3707,1867,67,2842,3654,2668,1585,1138,2025-03-17 15:49:20
1241,20241,신사동,25038,14951,10087,0,5207,7580,6409,3823,2019,0,2025,4624,4287,2509,1506,0,3182,2956,2122,1314,513,2025-03-17 15:49:20
1242,20241,개포4동,6678,4824,1854,0,809,1516,1891,1595,867,0,402,1015,1435,1247,725,0,407,501,456,348,142,2025-03-17 15:49:20
1243,20241,개포2동,8731,5723,3008,4,1535,2490,2091,1621,990,0,820,1664,1440,1034,765,4,715,826,651,587,225,2025-03-17 15:49:20
1244,20241,역삼2동,68537,40632,27905,152,15811,19055,16307,12155,5057,43,7630,12199,10844,6356,3560,109,8181,6856,5463,5799,1497,2025-03-17 15:49:20
1245,20241,방이1동,8432,6181,2251,0,874,1654,2217,2258,1429,0,420,1055,1654,1811,1241,0,454,599,563,447,188,2025-03-17 15:49:20
1246,20241,방이2동,40058,23009,17049,7,6471,10275,9044,8561,5700,7,3632,6681,5532,4014,3143,0,2839,3594,3512,4547,2557,2025-03-17 15:49:20
1247,20241,거여2동,1196,618,578,0,150,198,297,359,192,0,84,117,150,163,104,0,66,81,147,196,88,2025-03-17 15:49:20
1248,20241,개포1동,1310,805,505,5,206,347,341,271,140,2,93,192,235,183,100,3,113,155,106,88,40,2025-03-17 15:49:20
1249,20241,장지동,3218,2180,1038,0,351,512,766,847,742,0,193,341,508,589,549,0,158,171,258,258,193,2025-03-17 15:49:21
1250,20241,고덕1동,653,337,316,0,74,143,169,156,111,0,33,80,82,71,71,0,41,63,87,85,40,2025-03-17 15:49:21
1251,20241,잠실6동,59905,31919,27986,111,9537,15898,17089,15283,1987,31,4414,9772,9864,6342,1496,80,5123,6126,7225,8941,491,2025-03-17 15:49:21
1252,20241,오륜동,15516,8991,6525,17,2517,4692,4029,3106,1155,5,1014,2440,2590,2057,885,12,1503,2252,1439,1049,270,2025-03-17 15:49:21
1253,20241,청운효자동,5377,3480,1897,1,988,1564,1499,958,367,0,431,980,1114,694,261,1,557,584,385,264,106,2025-03-17 15:49:21
1254,20241,동화동,1010,451,559,0,165,241,258,219,127,0,47,80,126,118,80,0,118,161,132,101,47,2025-03-17 15:49:21
1255,20241,삼청동,3669,3043,626,0,438,986,1160,876,209,0,284,763,1005,792,199,0,154,223,155,84,10,2025-03-17 15:49:21
1256,20241,금호1가동,1330,486,844,6,156,438,542,155,33,0,45,145,212,60,24,6,111,293,330,95,9,2025-03-17 15:49:21
1257,20241,용산2가동,415,312,103,0,5,69,172,164,5,0,0,37,138,132,5,0,5,32,34,32,0,2025-03-17 15:49:21
1258,20241,성수1가1동,2207,1375,832,0,274,467,495,593,378,0,125,290,315,403,242,0,149,177,180,190,136,2025-03-17 15:49:21
1259,20241,성수2가1동,7294,4668,2626,17,1689,2131,1695,1190,572,9,756,1383,1164,851,505,8,933,748,531,339,67,2025-03-17 15:49:21
1260,20241,장충동,5048,2670,2378,4,1160,1388,1309,970,217,0,409,777,777,561,146,4,751,611,532,409,71,2025-03-17 15:49:21
1261,20241,자양4동,329,275,54,0,0,22,85,104,118,0,0,18,59,80,118,0,0,4,26,24,0,2025-03-17 15:49:21
1262,20241,자양1동,7514,5952,1562,0,497,1061,2050,3078,828,0,218,691,1645,2673,725,0,279,370,405,405,103,2025-03-17 15:49:21
1263,20241,면목3·8동,1509,983,526,0,105,262,412,433,297,0,18,138,250,327,250,0,87,124,162,106,47,2025-03-17 15:49:21
1264,20241,회기동,40,17,23,0,0,8,14,11,7,0,0,0,6,4,7,0,0,8,8,7,0,2025-03-17 15:49:21
1265,20241,휘경1동,682,425,257,0,55,139,180,180,128,0,14,88,118,129,76,0,41,51,62,51,52,2025-03-17 15:49:21
1266,20241,면목본동,752,415,337,0,56,193,213,201,89,0,0,98,114,114,89,0,56,95,99,87,0,2025-03-17 15:49:21
1267,20241,쌍문2동,838,486,352,0,77,142,209,260,150,0,10,67,109,167,133,0,67,75,100,93,17,2025-03-17 15:49:22
1268,20241,쌍문1동,650,315,335,0,53,100,188,203,106,0,0,33,70,106,106,0,53,67,118,97,0,2025-03-17 15:49:22
1269,20241,공릉2동,2062,953,1109,0,342,519,504,483,214,0,103,236,236,239,139,0,239,283,268,244,75,2025-03-17 15:49:22
1270,20241,창1동,807,363,444,0,107,164,221,226,89,0,36,65,97,105,60,0,71,99,124,121,29,2025-03-17 15:49:22
1271,20241,하계1동,439,276,163,0,50,93,109,127,60,0,23,54,64,88,47,0,27,39,45,39,13,2025-03-17 15:49:22
1272,20241,방학3동,923,556,367,0,160,211,217,213,122,0,102,121,138,103,92,0,58,90,79,110,30,2025-03-17 15:49:22
1273,20241,홍은2동,1905,1237,668,0,303,524,472,411,195,0,176,340,302,271,148,0,127,184,170,140,47,2025-03-17 15:49:22
1274,20241,중계4동,1023,565,458,0,96,210,241,274,202,0,35,101,127,147,155,0,61,109,114,127,47,2025-03-17 15:49:22
1275,20241,월계3동,63,33,30,0,6,12,18,18,9,0,3,6,9,9,6,0,3,6,9,9,3,2025-03-17 15:49:22
1276,20241,녹번동,2119,1129,990,0,230,496,588,572,233,0,109,238,279,344,159,0,121,258,309,228,74,2025-03-17 15:49:22
1277,20241,신월4동,960,654,306,0,32,115,229,322,262,0,11,63,129,219,232,0,21,52,100,103,30,2025-03-17 15:49:22
1278,20241,신월5동,1297,733,564,0,140,342,341,338,136,0,65,171,178,201,118,0,75,171,163,137,18,2025-03-17 15:49:22
1279,20241,등촌1동,4511,2729,1782,0,900,1179,1002,805,625,0,330,749,698,533,419,0,570,430,304,272,206,2025-03-17 15:49:22
1280,20241,등촌3동,10445,5539,4906,0,1309,2231,2338,2582,1985,0,576,1217,1365,1257,1124,0,733,1014,973,1325,861,2025-03-17 15:49:22
1281,20241,방화2동,1685,1181,504,0,129,321,390,484,361,0,79,210,269,317,306,0,50,111,121,167,55,2025-03-17 15:49:22
1282,20241,우장산동,2596,1441,1155,0,570,585,557,547,337,0,213,341,332,330,225,0,357,244,225,217,112,2025-03-17 15:49:22
1283,20241,고척2동,1156,743,413,0,106,267,310,325,148,0,74,170,183,187,129,0,32,97,127,138,19,2025-03-17 15:49:22
1284,20241,개봉1동,17477,10202,7275,0,1472,3762,4205,4673,3365,0,764,2092,2152,2663,2531,0,708,1670,2053,2010,834,2025-03-17 15:49:23
1285,20241,개봉2동,6326,3136,3190,0,1127,1538,1510,1508,643,0,642,983,672,506,333,0,485,555,838,1002,310,2025-03-17 15:49:23
1286,20241,구로4동,1050,582,468,0,85,224,270,268,203,0,28,128,140,140,146,0,57,96,130,128,57,2025-03-17 15:49:23
1287,20241,신정2동,20043,11522,8521,4,3632,6521,5379,3543,964,0,1470,3585,3332,2362,773,4,2162,2936,2047,1181,191,2025-03-17 15:49:23
1288,20241,시흥1동,3572,1926,1646,0,528,853,851,897,443,0,244,426,426,507,323,0,284,427,425,390,120,2025-03-17 15:49:23
1289,20241,신길5동,785,379,406,0,51,176,276,205,77,0,20,78,101,104,76,0,31,98,175,101,1,2025-03-17 15:49:23
1290,20241,양평1동,8546,4969,3577,4,1697,1985,1904,1717,1239,0,867,1270,1140,884,808,4,830,715,764,833,431,2025-03-17 15:49:23
1291,20241,신사동,3039,2125,914,0,493,903,913,537,193,0,219,619,723,418,146,0,274,284,190,119,47,2025-03-17 15:49:23
1292,20241,신원동,432,275,157,0,8,100,129,124,71,0,8,58,83,78,48,0,0,42,46,46,23,2025-03-17 15:49:23
1293,20241,대학동,396,336,60,0,40,105,122,105,24,0,27,81,109,95,24,0,13,24,13,10,0,2025-03-17 15:49:23
1294,20241,보라매동,8912,4593,4319,0,1090,2068,2150,2290,1314,0,417,1051,1099,1085,941,0,673,1017,1051,1205,373,2025-03-17 15:49:23
1295,20241,조원동,2571,1609,962,0,494,638,630,551,258,0,227,413,403,374,192,0,267,225,227,177,66,2025-03-17 15:49:23
1296,20241,방배4동,14768,9129,5639,0,2559,4085,3682,2821,1621,0,1082,2405,2494,1977,1171,0,1477,1680,1188,844,450,2025-03-17 15:49:23
1297,20241,방배본동,16801,9303,7498,36,3151,4342,4477,3005,1790,36,1068,2264,2609,1955,1371,0,2083,2078,1868,1050,419,2025-03-17 15:49:23
1298,20241,사당4동,793,419,374,0,70,118,180,148,277,0,29,61,75,66,188,0,41,57,105,82,89,2025-03-17 15:49:23
1299,20241,논현2동,56378,36111,20267,0,10816,16385,13654,9141,6382,0,4704,9805,9712,6968,4922,0,6112,6580,3942,2173,1460,2025-03-17 15:49:23
1300,20241,대치2동,84405,47202,37203,501,15329,23218,19449,15907,10001,217,7058,14207,12498,8214,5008,284,8271,9011,6951,7693,4993,2025-03-17 15:49:24
1301,20241,압구정동,37832,21271,16561,140,8406,11813,8694,5698,3081,35,3120,6640,5844,3730,1902,105,5286,5173,2850,1968,1179,2025-03-17 15:49:24
1302,20241,반포4동,63769,56313,7456,13,6374,13553,17207,23722,2900,3,4843,11276,15276,22550,2365,10,1531,2277,1931,1172,535,2025-03-17 15:49:24
1303,20241,반포본동,6068,3302,2766,12,1002,2001,1732,1039,282,7,366,1091,971,650,217,5,636,910,761,389,65,2025-03-17 15:49:24
1304,20241,가락본동,24272,14661,9611,0,3301,5848,5560,4765,4798,0,1578,3644,3720,2761,2958,0,1723,2204,1840,2004,1840,2025-03-17 15:49:24
1305,20241,삼성2동,54523,31356,23167,51,11003,17708,13865,7714,4182,16,4563,10420,9261,4333,2763,35,6440,7288,4604,3381,1419,2025-03-17 15:49:24
1306,20241,가락2동,5913,3966,1947,0,786,1251,1177,1111,1588,0,464,850,777,662,1213,0,322,401,400,449,375,2025-03-17 15:49:24
1307,20241,강일동,149,100,49,0,20,31,43,38,17,0,10,22,28,25,15,0,10,9,15,13,2,2025-03-17 15:49:24
1308,20241,천호1동,5665,3330,2335,0,439,1033,1447,1387,1359,0,133,532,732,860,1073,0,306,501,715,527,286,2025-03-17 15:49:24
1309,20241,천호3동,827,482,345,0,24,74,133,143,453,0,4,32,66,74,306,0,20,42,67,69,147,2025-03-17 15:49:24
1310,20241,성내1동,11908,8086,3822,0,1414,2494,2569,3068,2363,0,810,1558,1682,2219,1817,0,604,936,887,849,546,2025-03-17 15:49:24
1311,20241,명동,127964,74078,53886,25,20947,43132,34747,22800,6313,0,8365,22222,22388,16811,4292,25,12582,20910,12359,5989,2021,2025-03-17 15:49:24
1312,20241,숭인2동,1439,731,708,0,204,250,348,353,284,0,53,116,196,212,154,0,151,134,152,141,130,2025-03-17 15:49:24
1313,20241,황학동,918,675,243,0,117,277,259,167,98,0,90,178,169,140,98,0,27,99,90,27,0,2025-03-17 15:49:25
1314,20241,성수1가2동,4957,3435,1522,0,790,1011,1047,1084,1025,0,474,674,677,778,832,0,316,337,370,306,193,2025-03-17 15:49:25
1315,20241,구의2동,1846,1169,677,0,260,317,479,506,284,0,131,177,319,333,209,0,129,140,160,173,75,2025-03-17 15:49:25
1316,20241,행당2동,3,0,3,0,0,1,1,1,0,0,0,0,0,0,0,0,0,1,1,1,0,2025-03-17 15:49:25
1317,20241,답십리1동,1771,852,919,0,255,366,493,475,182,0,173,244,177,130,128,0,82,122,316,345,54,2025-03-17 15:49:25
1318,20241,전농1동,387,311,76,0,17,40,138,147,45,0,15,30,119,118,29,0,2,10,19,29,16,2025-03-17 15:49:25
1319,20241,면목4동,396,338,58,0,6,50,122,171,47,0,2,38,96,155,47,0,4,12,26,16,0,2025-03-17 15:49:25
1320,20241,중화2동,372,249,123,0,10,23,122,94,123,0,4,10,61,61,113,0,6,13,61,33,10,2025-03-17 15:49:25
1321,20241,돈암2동,446,272,174,1,69,107,142,80,47,0,32,64,96,59,21,1,37,43,46,21,26,2025-03-17 15:49:25
1322,20241,석관동,1554,1144,410,0,43,191,284,332,704,0,20,138,172,226,588,0,23,53,112,106,116,2025-03-17 15:49:25
1323,20241,월곡2동,3056,1939,1117,0,488,877,749,536,406,0,244,572,451,321,351,0,244,305,298,215,55,2025-03-17 15:49:25
1324,20241,수유3동,2578,1325,1253,0,200,650,702,721,305,0,51,273,325,450,226,0,149,377,377,271,79,2025-03-17 15:49:25
1325,20241,삼각산동,269,146,123,0,48,74,92,38,17,0,18,42,50,19,17,0,30,32,42,19,0,2025-03-17 15:49:25
1326,20241,수유2동,1213,668,545,0,10,32,246,393,532,0,0,19,162,273,214,0,10,13,84,120,318,2025-03-17 15:49:25
1327,20241,방학2동,420,192,228,0,5,94,106,94,121,0,0,47,49,47,49,0,5,47,57,47,72,2025-03-17 15:49:25
1328,20241,장위3동,283,174,109,0,36,53,65,74,55,0,8,28,37,46,55,0,28,25,28,28,0,2025-03-17 15:49:25
1329,20241,정릉3동,238,194,44,0,29,81,60,45,23,0,21,62,52,40,19,0,8,19,8,5,4,2025-03-17 15:49:25
1330,20241,상계8동,526,276,250,0,73,153,129,119,52,0,26,97,54,65,34,0,47,56,75,54,18,2025-03-17 15:49:25
1331,20241,도봉2동,608,390,218,0,22,66,106,157,257,0,6,33,59,102,190,0,16,33,47,55,67,2025-03-17 15:49:25
1332,20241,신월3동,861,507,354,0,67,160,199,277,158,0,19,64,103,179,142,0,48,96,96,98,16,2025-03-17 15:49:25
1333,20241,신정4동,7068,3933,3135,0,1170,1243,1364,1504,1787,0,323,601,700,819,1490,0,847,642,664,685,297,2025-03-17 15:49:26
1334,20241,홍제3동,618,300,318,0,35,61,125,174,223,0,1,21,52,93,133,0,34,40,73,81,90,2025-03-17 15:49:26
1335,20241,화곡6동,5092,3250,1842,0,710,1375,1312,1159,536,0,354,876,835,771,414,0,356,499,477,388,122,2025-03-17 15:49:26
1336,20241,염창동,2236,1041,1195,0,350,657,664,381,184,0,126,288,268,212,147,0,224,369,396,169,37,2025-03-17 15:49:26
1337,20241,시흥4동,1085,662,423,0,175,230,323,274,83,0,110,161,194,126,71,0,65,69,129,148,12,2025-03-17 15:49:26
1338,20241,당산2동,10350,6927,3423,0,1619,2332,2517,2296,1586,0,821,1454,1754,1684,1214,0,798,878,763,612,372,2025-03-17 15:49:26
1339,20241,신길3동,362,307,55,0,1,42,91,107,121,0,0,37,72,82,116,0,1,5,19,25,5,2025-03-17 15:49:26
1340,20241,신대방1동,3097,1965,1132,0,590,993,725,496,293,0,301,642,500,322,200,0,289,351,225,174,93,2025-03-17 15:49:26
1341,20241,신대방2동,10847,6910,3937,14,1979,2262,2031,2543,2018,7,1499,1740,1296,1294,1074,7,480,522,735,1249,944,2025-03-17 15:49:26
1342,20241,미성동,2391,1432,959,0,193,418,589,648,543,0,134,252,330,334,382,0,59,166,259,314,161,2025-03-17 15:49:26
1343,20241,사당3동,954,562,392,0,110,214,264,224,142,0,38,115,164,134,111,0,72,99,100,90,31,2025-03-17 15:49:26
1344,20241,서초2동,56400,37468,18932,86,11821,18627,14132,8646,3088,15,6461,12575,9718,6487,2212,71,5360,6052,4414,2159,876,2025-03-17 15:49:26
1345,20241,논현1동,38707,22656,16051,0,10140,11648,8247,5387,3285,0,4325,6918,5556,3465,2392,0,5815,4730,2691,1922,893,2025-03-17 15:49:26
1346,20241,청담동,51520,29529,21991,14,10757,17061,12827,7753,3108,0,4054,9745,8434,5124,2172,14,6703,7316,4393,2629,936,2025-03-17 15:49:26
1347,20241,삼전동,3830,2573,1257,0,455,872,862,780,861,0,261,565,559,475,713,0,194,307,303,305,148,2025-03-17 15:49:26
1348,20241,가락1동,4765,3333,1432,0,324,885,1313,1366,877,0,218,677,967,897,574,0,106,208,346,469,303,2025-03-17 15:49:26
1349,20241,오금동,20030,13974,6056,0,2665,4763,5068,4822,2712,0,1563,3204,3728,3641,1838,0,1102,1559,1340,1181,874,2025-03-17 15:49:26
1350,20241,마천1동,503,247,256,0,25,119,168,161,30,0,0,56,83,78,30,0,25,63,85,83,0,2025-03-17 15:49:26
1351,20241,암사2동,1720,626,1094,0,174,282,410,512,342,0,59,131,167,148,121,0,115,151,243,364,221,2025-03-17 15:49:27
1352,20241,풍납1동,549,325,224,0,59,124,156,157,53,0,34,72,84,85,50,0,25,52,72,72,3,2025-03-17 15:49:27
1353,20241,암사1동,2183,1341,842,0,281,470,462,436,534,0,139,307,294,294,307,0,142,163,168,142,227,2025-03-17 15:49:27
1354,20241,성내2동,1700,1132,568,0,270,358,403,340,329,0,201,235,236,234,226,0,69,123,167,106,103,2025-03-17 15:49:27
1355,20241,종로1·2·3·4가동,118299,65214,53085,1530,23988,36135,32492,18536,5618,635,10442,18152,19058,13083,3844,895,13546,17983,13434,5453,1774,2025-03-17 15:49:27
1356,20241,용문동,2629,1529,1100,0,512,716,730,490,181,0,212,422,436,332,127,0,300,294,294,158,54,2025-03-17 15:49:27
1357,20241,원효로1동,2820,1931,889,0,436,773,741,524,346,0,256,554,518,360,243,0,180,219,223,164,103,2025-03-17 15:49:27
1358,20241,청파동,3005,1625,1380,0,451,778,729,649,398,0,147,358,391,404,325,0,304,420,338,245,73,2025-03-17 15:49:27
1359,20241,옥수동,4558,1770,2788,0,1170,1349,1030,689,320,0,300,499,482,325,164,0,870,850,548,364,156,2025-03-17 15:49:27
1360,20241,왕십리2동,1014,623,391,0,120,270,298,233,93,0,60,146,184,149,84,0,60,124,114,84,9,2025-03-17 15:49:27
1361,20241,용답동,2774,1712,1062,8,714,796,574,430,252,0,303,526,395,278,210,8,411,270,179,152,42,2025-03-17 15:49:27
1362,20241,구의1동,2605,1581,1024,0,363,675,734,605,228,0,194,393,403,396,195,0,169,282,331,209,33,2025-03-17 15:49:27
1363,20241,군자동,906,500,406,0,97,195,214,204,196,0,32,103,123,111,131,0,65,92,91,93,65,2025-03-17 15:49:27
1364,20241,답십리2동,2640,1941,699,0,408,599,628,554,451,0,321,463,453,379,325,0,87,136,175,175,126,2025-03-17 15:49:27
1365,20241,중곡1동,3334,1621,1713,9,889,644,665,794,333,0,379,343,328,318,253,9,510,301,337,476,80,2025-03-17 15:49:27
1366,20241,장안1동,12921,8194,4727,0,1731,2554,2803,2866,2967,0,1047,1656,1757,1733,2001,0,684,898,1046,1133,966,2025-03-17 15:49:27
1367,20241,중곡4동,2743,1354,1389,0,472,677,713,646,235,0,126,314,347,348,219,0,346,363,366,298,16,2025-03-17 15:49:28
1368,20241,묵1동,766,363,403,0,65,189,235,192,85,0,17,90,102,90,64,0,48,99,133,102,21,2025-03-17 15:49:28
1369,20241,신내2동,956,532,424,0,127,240,235,238,116,0,53,113,122,154,90,0,74,127,113,84,26,2025-03-17 15:49:28
1370,20241,상봉1동,1360,991,369,0,140,229,289,378,324,0,100,150,167,270,304,0,40,79,122,108,20,2025-03-17 15:49:28
1371,20241,삼양동,91,65,26,0,4,12,23,25,27,0,0,5,13,20,27,0,4,7,10,5,0,2025-03-17 15:49:28
1372,20241,방학1동,6018,3502,2516,0,594,1337,1482,1810,795,0,324,770,770,1030,608,0,270,567,712,780,187,2025-03-17 15:49:28
1373,20241,쌍문3동,886,401,485,0,194,207,227,215,43,0,31,93,116,123,38,0,163,114,111,92,5,2025-03-17 15:49:28
1374,20241,창2동,851,503,348,0,92,198,243,208,110,0,40,125,134,107,97,0,52,73,109,101,13,2025-03-17 15:49:28
1375,20241,공릉1동,15186,8203,6983,0,1619,2325,3307,4196,3739,0,734,1261,1642,2182,2384,0,885,1064,1665,2014,1355,2025-03-17 15:49:28
1376,20241,월계1동,919,497,422,0,148,220,238,180,133,0,66,131,119,91,90,0,82,89,119,89,43,2025-03-17 15:49:28
1377,20241,창5동,4176,2648,1528,0,477,933,1026,895,845,0,245,645,694,492,572,0,232,288,332,403,273,2025-03-17 15:49:28
1378,20241,상계2동,1611,792,819,0,175,269,426,429,312,0,43,162,202,204,181,0,132,107,224,225,131,2025-03-17 15:49:28
1379,20241,갈현2동,2652,1365,1287,0,240,525,720,726,441,0,110,294,341,318,302,0,130,231,379,408,139,2025-03-17 15:49:28
1380,20241,상계9동,925,582,343,0,117,233,232,261,82,0,64,147,136,172,63,0,53,86,96,89,19,2025-03-17 15:49:28
1381,20241,응암3동,1099,530,569,0,68,276,346,285,124,0,10,138,157,128,97,0,58,138,189,157,27,2025-03-17 15:49:28
1382,20241,홍제1동,3933,2008,1925,0,424,597,1002,1351,559,0,115,267,521,749,356,0,309,330,481,602,203,2025-03-17 15:49:28
1383,20241,남가좌1동,906,546,360,0,64,117,159,227,339,0,43,79,101,121,202,0,21,38,58,106,137,2025-03-17 15:49:29
1384,20241,신촌동,1508,806,702,0,233,424,393,332,126,0,81,183,201,226,115,0,152,241,192,106,11,2025-03-17 15:49:29
1385,20241,도화동,11978,7284,4694,0,2208,2925,3019,2682,1144,0,1152,2009,1988,1396,739,0,1056,916,1031,1286,405,2025-03-17 15:49:29
1386,20241,서강동,3133,1984,1149,0,533,769,751,619,461,0,260,460,502,415,347,0,273,309,249,204,114,2025-03-17 15:49:29
1387,20241,염리동,1815,1219,596,6,352,412,370,399,276,2,177,281,281,281,197,4,175,131,89,118,79,2025-03-17 15:49:29
1388,20241,성산1동,4919,3264,1655,0,617,1031,1131,967,1173,0,307,641,718,672,926,0,310,390,413,295,247,2025-03-17 15:49:29
1389,20241,공항동,3909,2051,1858,0,652,1297,1078,767,115,0,151,538,630,636,96,0,501,759,448,131,19,2025-03-17 15:49:29
1390,20241,목5동,11086,6747,4339,34,1799,2869,2683,2324,1377,17,829,1728,1695,1522,956,17,970,1141,988,802,421,2025-03-17 15:49:29
1391,20241,발산1동,5632,3305,2327,0,288,798,1537,1890,1119,0,113,401,738,1109,944,0,175,397,799,781,175,2025-03-17 15:49:29
1392,20241,화곡3동,2590,1598,992,0,361,621,662,596,350,0,194,413,403,337,251,0,167,208,259,259,99,2025-03-17 15:49:29
1393,20241,구로3동,57713,37866,19847,191,12001,19470,14636,7163,4252,128,6068,12921,10322,5006,3421,63,5933,6549,4314,2157,831,2025-03-17 15:49:29
1394,20241,시흥5동,978,605,373,0,118,240,269,208,143,0,63,167,167,106,102,0,55,73,102,102,41,2025-03-17 15:49:29
1395,20241,도림동,473,342,131,0,10,71,127,143,122,0,0,50,91,100,101,0,10,21,36,43,21,2025-03-17 15:49:29
1396,20241,영등포본동,2560,1468,1092,0,349,644,673,631,263,0,141,328,387,400,212,0,208,316,286,231,51,2025-03-17 15:49:29
1397,20241,상도3동,652,392,260,0,24,130,195,158,145,0,15,99,122,79,77,0,9,31,73,79,68,2025-03-17 15:49:29
1398,20241,신림동,1202,725,477,0,58,167,305,287,385,0,8,87,165,165,300,0,50,80,140,122,85,2025-03-17 15:49:29
1399,20241,남현동,3437,2290,1147,0,575,866,934,679,383,0,317,588,658,448,279,0,258,278,276,231,104,2025-03-17 15:49:29
1400,20241,내곡동,1190,776,414,0,170,247,252,257,264,0,120,180,172,149,155,0,50,67,80,108,109,2025-03-17 15:49:29
1401,20241,청룡동,3423,1885,1538,0,555,986,828,789,265,0,211,504,458,517,195,0,344,482,370,272,70,2025-03-17 15:49:29
1402,20241,중앙동,1013,462,551,0,104,178,235,302,194,0,35,87,108,140,92,0,69,91,127,162,102,2025-03-17 15:49:30
1403,20241,서초3동,55705,33079,22626,10,9598,16715,14298,10172,4912,0,4061,9736,9137,6627,3518,10,5537,6979,5161,3545,1394,2025-03-17 15:49:30
1404,20241,반포2동,2380,1418,962,4,400,739,618,399,220,2,175,447,398,241,155,2,225,292,220,158,65,2025-03-17 15:49:30
1405,20241,세곡동,224,142,82,0,4,36,45,75,64,0,1,19,28,47,47,0,3,17,17,28,17,2025-03-17 15:49:30
1406,20241,수서동,15898,8389,7509,16,2265,4281,4274,3160,1902,9,1013,2302,2241,1682,1142,7,1252,1979,2033,1478,760,2025-03-17 15:49:30
1407,20241,일원1동,1322,732,590,0,161,248,310,293,310,0,69,132,160,154,217,0,92,116,150,139,93,2025-03-17 15:49:30
1408,20241,천호2동,2423,1262,1161,0,249,529,629,591,425,0,90,243,312,295,322,0,159,286,317,296,103,2025-03-17 15:49:30
1409,20241,상일동,1339,678,661,0,197,302,328,352,160,0,71,151,196,159,101,0,126,151,132,193,59,2025-03-17 15:49:30
1410,20241,잠실2동,3642,2426,1216,2,699,1057,956,727,201,2,438,742,649,478,117,0,261,315,307,249,84,2025-03-17 15:49:30
1411,20242,종로5·6가동,18119,11326,6793,400,4275,5242,4463,2757,982,76,1772,3372,3267,2139,700,324,2503,1870,1196,618,282,2025-03-17 15:49:30
1412,20242,다산동,5954,3783,2171,0,1053,1917,1452,1038,494,0,433,1319,1023,638,370,0,620,598,429,400,124,2025-03-17 15:49:30
1413,20242,보광동,316,168,148,0,31,66,98,87,34,0,0,31,53,53,31,0,31,35,45,34,3,2025-03-17 15:49:30
1414,20242,부암동,1055,591,464,0,177,310,291,201,76,0,70,172,165,126,58,0,107,138,126,75,18,2025-03-17 15:49:30
1415,20242,회현동,85852,53079,32773,161,16113,30338,23534,12471,3235,32,7524,18100,15335,9829,2259,129,8589,12238,8199,2642,976,2025-03-17 15:49:30
1416,20242,효창동,1148,663,485,0,158,297,316,250,127,0,78,174,190,126,95,0,80,123,126,124,32,2025-03-17 15:49:30
1417,20242,후암동,1618,964,654,0,235,366,465,383,169,0,77,217,307,225,138,0,158,149,158,158,31,2025-03-17 15:49:30
1418,20242,금호2·3가동,238,132,106,0,23,35,58,59,63,0,0,9,29,35,59,0,23,26,29,24,4,2025-03-17 15:49:30
1419,20242,구의3동,7778,4744,3034,0,918,1641,1879,1961,1379,0,521,1148,1274,1015,786,0,397,493,605,946,593,2025-03-17 15:49:30
1420,20242,이문2동,217,117,100,0,24,49,49,56,39,0,7,24,24,31,31,0,17,25,25,25,8,2025-03-17 15:49:30
1421,20242,면목2동,2968,1720,1248,0,126,479,695,990,678,0,0,213,355,583,569,0,126,266,340,407,109,2025-03-17 15:49:30
1422,20242,상봉2동,3451,2431,1020,0,410,897,1164,794,186,0,237,637,785,591,181,0,173,260,379,203,5,2025-03-17 15:49:30
1423,20242,망우3동,196,112,84,0,2,15,54,78,47,0,0,3,21,44,44,0,2,12,33,34,3,2025-03-17 15:49:30
1424,20242,화양동,750,511,239,0,83,112,195,246,114,0,26,60,138,180,107,0,57,52,57,66,7,2025-03-17 15:49:31
1425,20242,삼선동,3678,1837,1841,0,378,891,1124,924,361,0,117,378,540,584,218,0,261,513,584,340,143,2025-03-17 15:49:31
1426,20242,월곡1동,1214,758,456,0,48,145,250,269,502,0,5,72,129,179,373,0,43,73,121,90,129,2025-03-17 15:49:31
1427,20242,번2동,1063,503,560,0,129,127,306,342,159,0,48,69,130,165,91,0,81,58,176,177,68,2025-03-17 15:49:31
1428,20242,번3동,511,281,230,0,52,83,125,148,103,0,19,40,70,82,70,0,33,43,55,66,33,2025-03-17 15:49:31
1429,20242,장위2동,668,452,216,0,8,110,189,184,177,0,0,55,111,124,162,0,8,55,78,60,15,2025-03-17 15:49:31
1430,20242,상계1동,3429,2169,1260,0,398,714,820,873,624,0,236,478,532,538,385,0,162,236,288,335,239,2025-03-17 15:49:31
1431,20242,상계6·7동,7209,3192,4017,0,1013,1698,1857,1839,802,0,263,648,838,992,451,0,750,1050,1019,847,351,2025-03-17 15:49:31
1432,20242,상계5동,866,436,430,0,5,39,150,247,425,0,1,27,59,107,242,0,4,12,91,140,183,2025-03-17 15:49:31
1433,20242,월계2동,21,10,11,0,2,5,6,6,2,0,0,2,3,3,2,0,2,3,3,3,0,2025-03-17 15:49:31
1434,20242,중계본동,642,308,334,0,67,131,162,194,88,0,32,66,69,86,55,0,35,65,93,108,33,2025-03-17 15:49:31
1435,20242,역촌동,2751,1312,1439,0,447,553,732,640,379,0,152,245,348,304,263,0,295,308,384,336,116,2025-03-17 15:49:31
1436,20242,북가좌1동,326,273,53,0,1,9,33,72,211,0,0,3,15,52,203,0,1,6,18,20,8,2025-03-17 15:49:31
1437,20242,중계2·3동,1011,562,449,0,136,262,258,258,97,0,81,155,132,134,60,0,55,107,126,124,37,2025-03-17 15:49:31
1438,20242,목4동,1884,1172,712,0,211,427,568,481,197,0,81,261,338,309,183,0,130,166,230,172,14,2025-03-17 15:49:31
1439,20242,목3동,1514,836,678,0,198,332,405,366,213,0,99,192,221,184,140,0,99,140,184,182,73,2025-03-17 15:49:31
1440,20242,신정7동,353,208,145,0,42,84,108,79,40,0,19,47,65,48,29,0,23,37,43,31,11,2025-03-17 15:49:31
1441,20242,화곡본동,2162,1261,901,0,192,425,541,545,459,0,57,253,315,289,347,0,135,172,226,256,112,2025-03-17 15:49:31
1442,20242,오류2동,714,443,271,0,65,162,186,185,116,0,29,94,108,118,94,0,36,68,78,67,22,2025-03-17 15:49:31
1443,20242,수궁동,1304,903,401,0,120,252,306,375,251,0,75,163,196,260,209,0,45,89,110,115,42,2025-03-17 15:49:31
1444,20242,당산1동,5713,3446,2267,0,976,1633,1279,1048,777,0,387,911,807,742,599,0,589,722,472,306,178,2025-03-17 15:49:31
1445,20242,신도림동,15684,10325,5359,0,2575,4881,3830,2852,1546,0,1067,3324,2768,1981,1185,0,1508,1557,1062,871,361,2025-03-17 15:49:32
1446,20242,신길1동,3295,1408,1887,0,572,815,743,647,518,0,149,387,347,264,261,0,423,428,396,383,257,2025-03-17 15:49:32
1447,20242,사당1동,2903,1557,1346,0,475,738,797,528,365,0,137,361,402,331,326,0,338,377,395,197,39,2025-03-17 15:49:32
1448,20242,노량진2동,3154,1642,1512,0,505,931,765,647,306,0,264,409,350,415,204,0,241,522,415,232,102,2025-03-17 15:49:32
1449,20242,시흥2동,732,429,303,0,75,148,183,217,109,0,41,85,103,126,74,0,34,63,80,91,35,2025-03-17 15:49:32
1450,20242,난곡동,847,489,358,0,45,187,211,290,114,0,10,96,105,174,104,0,35,91,106,116,10,2025-03-17 15:49:32
1451,20242,난향동,325,158,167,0,35,73,93,72,52,0,5,33,39,37,44,0,30,40,54,35,8,2025-03-17 15:49:32
1452,20242,은천동,843,405,438,0,113,160,177,233,160,0,36,77,92,105,95,0,77,83,85,128,65,2025-03-17 15:49:32
1453,20242,삼성1동,214989,145072,69917,532,43316,64476,57579,38167,10919,264,23280,42620,42460,29923,6525,268,20036,21856,15119,8244,4394,2025-03-17 15:49:32
1454,20242,양재2동,44246,33258,10988,2,5872,10847,12472,11704,3349,1,3555,7989,9587,9562,2564,1,2317,2858,2885,2142,785,2025-03-17 15:49:32
1455,20242,잠원동,11344,6577,4767,0,2364,3351,2810,1755,1064,0,930,1966,1864,1099,718,0,1434,1385,946,656,346,2025-03-17 15:49:32
1456,20242,문정2동,37090,23328,13762,56,5321,11298,11371,6570,2474,22,2550,6380,7795,5037,1544,34,2771,4918,3576,1533,930,2025-03-17 15:49:32
1457,20242,마천2동,1272,838,434,0,86,304,378,351,153,0,54,196,220,215,153,0,32,108,158,136,0,2025-03-17 15:49:32
1458,20242,잠실본동,10964,7018,3946,0,1485,2111,2566,2444,2358,0,650,1283,1612,1681,1792,0,835,828,954,763,566,2025-03-17 15:49:32
1459,20242,잠실4동,4260,3421,839,21,570,1338,1237,902,192,9,410,1097,1020,736,149,12,160,241,217,166,43,2025-03-17 15:49:32
1460,20242,무악동,423,113,310,0,120,120,109,52,22,0,27,27,35,13,11,0,93,93,74,39,11,2025-03-17 15:49:32
1461,20242,사직동,38826,24316,14510,10,5130,10990,11706,7710,3280,0,2146,6755,8012,5381,2022,10,2984,4235,3694,2329,1258,2025-03-17 15:49:32
1462,20242,필동,14869,6999,7870,0,2139,3778,4591,3258,1103,0,724,1871,2163,1529,712,0,1415,1907,2428,1729,391,2025-03-17 15:49:32
1463,20242,이태원1동,18256,8052,10204,0,5359,6986,3593,1768,550,0,1406,2928,1988,1280,450,0,3953,4058,1605,488,100,2025-03-17 15:49:32
1464,20242,이촌1동,4473,2865,1608,12,724,1207,1253,917,360,10,358,742,884,618,253,2,366,465,369,299,107,2025-03-17 15:49:33
1465,20242,청구동,13042,7126,5916,0,1893,3441,3080,2805,1823,0,638,1782,1928,1713,1065,0,1255,1659,1152,1092,758,2025-03-17 15:49:33
1466,20242,왕십리도선동,2960,1359,1601,0,490,569,619,733,549,0,167,315,335,308,234,0,323,254,284,425,315,2025-03-17 15:49:33
1467,20242,응봉동,419,177,242,0,101,110,89,76,43,0,26,40,40,38,33,0,75,70,49,38,10,2025-03-17 15:49:33
1468,20242,이문1동,1176,518,658,0,221,317,334,218,86,0,31,118,166,134,69,0,190,199,168,84,17,2025-03-17 15:49:33
1469,20242,제기동,9210,5573,3637,0,1096,2349,2329,1982,1454,0,413,1404,1509,1170,1077,0,683,945,820,812,377,2025-03-17 15:49:33
1470,20242,망우본동,1159,615,544,0,98,215,274,379,193,0,10,83,129,209,184,0,88,132,145,170,9,2025-03-17 15:49:33
1471,20242,중곡2동,1991,1168,823,0,249,400,529,485,328,0,167,233,283,259,226,0,82,167,246,226,102,2025-03-17 15:49:33
1472,20242,중곡3동,634,445,189,0,46,161,198,157,72,0,30,127,120,108,60,0,16,34,78,49,12,2025-03-17 15:49:33
1473,20242,묵2동,1139,798,341,0,164,286,278,323,88,0,98,195,182,241,82,0,66,91,96,82,6,2025-03-17 15:49:33
1474,20242,길음1동,3566,1740,1826,234,1248,878,599,389,218,95,538,463,296,179,169,139,710,415,303,210,49,2025-03-17 15:49:33
1475,20242,송중동,918,450,468,0,50,139,298,264,167,0,9,50,126,126,139,0,41,89,172,138,28,2025-03-17 15:49:33
1476,20242,송천동,437,246,191,0,3,40,75,139,180,0,0,13,30,95,108,0,3,27,45,44,72,2025-03-17 15:49:33
1477,20242,도봉1동,1270,908,362,0,2,94,323,508,343,0,0,52,189,369,298,0,2,42,134,139,45,2025-03-17 15:49:33
1478,20242,응암2동,429,287,142,0,47,47,109,131,95,0,27,27,65,79,89,0,20,20,44,52,6,2025-03-17 15:49:33
1479,20242,홍은1동,2739,539,2200,0,84,203,752,1311,389,0,28,66,141,159,145,0,56,137,611,1152,244,2025-03-17 15:49:34
1480,20242,중계1동,1073,591,482,0,141,235,322,269,106,0,61,128,170,148,84,0,80,107,152,121,22,2025-03-17 15:49:34
1481,20242,용강동,12219,7268,4951,0,1787,3015,2894,2427,2096,0,873,1790,1915,1413,1277,0,914,1225,979,1014,819,2025-03-17 15:49:34
1482,20242,망원2동,3385,2037,1348,0,424,630,726,1032,573,0,237,469,514,481,336,0,187,161,212,551,237,2025-03-17 15:49:34
1483,20242,상암동,13325,8216,5109,18,2819,4883,3639,1493,473,7,1235,3088,2422,1062,402,11,1584,1795,1217,431,71,2025-03-17 15:49:34
1484,20242,연남동,2215,1408,807,0,345,535,564,485,286,0,148,286,341,348,285,0,197,249,223,137,1,2025-03-17 15:49:34
1485,20242,신월6동,536,314,222,0,54,102,123,145,112,0,20,53,66,82,93,0,34,49,57,63,19,2025-03-17 15:49:34
1486,20242,목2동,2740,1533,1207,0,380,667,730,628,335,0,180,364,406,359,224,0,200,303,324,269,111,2025-03-17 15:49:34
1487,20242,홍제2동,239,120,119,0,32,51,64,56,36,0,10,33,32,27,18,0,22,18,32,29,18,2025-03-17 15:49:34
1488,20242,등촌2동,1806,1072,734,0,208,362,441,468,327,0,87,198,264,298,225,0,121,164,177,170,102,2025-03-17 15:49:34
1489,20242,화곡2동,5028,3087,1941,0,634,1386,1303,1218,487,0,384,921,806,640,336,0,250,465,497,578,151,2025-03-17 15:49:34
1490,20242,개봉3동,1071,671,400,0,128,273,284,235,151,0,64,174,174,136,123,0,64,99,110,99,28,2025-03-17 15:49:34
1491,20242,신정1동,6180,3613,2567,23,1091,1552,1551,1317,646,23,452,968,933,764,473,0,639,584,618,553,173,2025-03-17 15:49:34
1492,20242,독산3동,2918,2129,789,0,196,447,538,583,1154,0,105,283,289,347,1105,0,91,164,249,236,49,2025-03-17 15:49:34
1493,20242,가리봉동,563,259,304,0,12,95,138,127,191,0,2,46,57,46,108,0,10,49,81,81,83,2025-03-17 15:49:34
1494,20242,대림1동,1030,374,656,0,346,246,228,163,47,0,56,81,114,82,41,0,290,165,114,81,6,2025-03-17 15:49:34
1495,20242,신길7동,1873,1285,588,0,215,359,423,539,337,0,132,246,286,350,271,0,83,113,137,189,66,2025-03-17 15:49:34
1496,20242,대방동,6596,4405,2191,0,1090,1797,1560,1479,670,0,586,1230,1088,1073,428,0,504,567,472,406,242,2025-03-17 15:49:34
1497,20242,여의동,201758,143165,58593,463,37097,72314,51883,30938,9063,170,20475,51688,40070,24622,6140,293,16622,20626,11813,6316,2923,2025-03-17 15:49:34
1498,20242,노량진1동,2666,1489,1177,0,345,641,679,637,364,0,143,366,410,345,225,0,202,275,269,292,139,2025-03-17 15:49:35
1499,20242,낙성대동,4335,2394,1941,0,707,1489,929,669,541,0,320,783,481,387,423,0,387,706,448,282,118,2025-03-17 15:49:35
1500,20242,행운동,1975,1109,866,0,291,488,466,453,277,0,142,277,248,236,206,0,149,211,218,217,71,2025-03-17 15:49:35
1501,20242,양재1동,20452,13209,7243,233,4798,5664,4641,3059,2057,111,2432,3807,3269,2041,1549,122,2366,1857,1372,1018,508,2025-03-17 15:49:35
1502,20242,역삼1동,157737,93388,64349,188,31880,48041,40695,27564,9369,45,15270,29978,26576,14929,6590,143,16610,18063,14119,12635,2779,2025-03-17 15:49:35
1503,20242,청림동,220,126,94,0,32,73,73,33,9,0,13,42,43,21,7,0,19,31,30,12,2,2025-03-17 15:49:35
1504,20242,반포3동,2501,1395,1106,1,398,637,553,502,410,0,169,375,365,292,194,1,229,262,188,210,216,2025-03-17 15:49:35
1505,20242,송파1동,20397,12734,7663,0,2895,4579,5069,4438,3416,0,1236,2704,3295,2981,2518,0,1659,1875,1774,1457,898,2025-03-17 15:49:35
1506,20242,송파2동,3402,2143,1259,3,542,847,891,810,309,3,262,537,641,506,194,0,280,310,250,304,115,2025-03-17 15:49:35
1507,20242,길동,7262,3689,3573,0,1013,1459,1661,1781,1348,0,388,781,888,816,816,0,625,678,773,965,532,2025-03-17 15:49:35
1508,20242,고덕2동,888,563,325,0,44,111,200,312,221,0,4,48,116,215,180,0,40,63,84,97,41,2025-03-17 15:49:35
1509,20242,혜화동,4341,2119,2222,0,699,1189,1063,871,519,0,235,582,565,449,288,0,464,607,498,422,231,2025-03-17 15:49:35
1510,20242,광희동,52790,26286,26504,469,15141,13894,10859,8353,4074,187,7353,8084,6266,2845,1551,282,7788,5810,4593,5508,2523,2025-03-17 15:49:35
1511,20242,가회동,10719,7983,2736,1,1143,3698,3218,2018,641,1,592,2713,2522,1658,497,0,551,985,696,360,144,2025-03-17 15:49:35
1512,20242,숭인1동,195,87,108,0,35,43,48,45,24,0,0,18,24,24,21,0,35,25,24,21,3,2025-03-17 15:49:35
1513,20242,남영동,16969,7145,9824,127,6466,4190,3236,2179,771,4,1220,2248,1917,1172,584,123,5246,1942,1319,1007,187,2025-03-17 15:49:35
1514,20242,서빙고동,7358,4832,2526,0,1309,2194,2273,1168,414,0,630,1283,1661,931,327,0,679,911,612,237,87,2025-03-17 15:49:35
1515,20242,송정동,720,467,253,0,89,177,189,148,117,0,42,113,110,94,108,0,47,64,79,54,9,2025-03-17 15:49:36
1516,20242,신당5동,604,327,277,0,23,140,177,156,108,0,6,53,90,87,91,0,17,87,87,69,17,2025-03-17 15:49:36
1517,20242,광장동,5323,3225,2098,34,1657,1406,1035,822,369,5,794,905,699,551,271,29,863,501,336,271,98,2025-03-17 15:49:36
1518,20242,능동,1102,700,402,0,153,264,292,222,171,0,72,161,189,137,141,0,81,103,103,85,30,2025-03-17 15:49:36
1519,20242,자양3동,1581,1164,417,0,181,419,449,403,129,0,117,298,335,303,111,0,64,121,114,100,18,2025-03-17 15:49:36
1520,20242,용신동,16487,8520,7967,0,2055,3648,4057,4032,2695,0,970,2096,2140,1845,1469,0,1085,1552,1917,2187,1226,2025-03-17 15:49:36
1521,20242,면목7동,581,344,237,0,36,88,164,191,102,0,0,37,89,116,102,0,36,51,75,75,0,2025-03-17 15:49:36
1522,20242,동선동,3905,1936,1969,0,490,821,897,1010,687,0,141,354,439,563,439,0,349,467,458,447,248,2025-03-17 15:49:36
1523,20242,길음2동,286,107,179,0,15,57,88,92,34,0,3,17,42,28,17,0,12,40,46,64,17,2025-03-17 15:49:36
1524,20242,보문동,2689,2024,665,0,256,800,564,563,506,0,137,635,450,450,352,0,119,165,114,113,154,2025-03-17 15:49:36
1525,20242,성북동,15450,11773,3677,0,2024,3799,4489,4473,665,0,1117,2658,3552,3982,464,0,907,1141,937,491,201,2025-03-17 15:49:36
1526,20242,종암동,12167,6414,5753,0,1062,3086,4289,3464,266,0,462,1143,1961,2686,162,0,600,1943,2328,778,104,2025-03-17 15:49:36
1527,20242,번1동,1761,1098,663,0,177,360,344,496,384,0,73,233,217,342,233,0,104,127,127,154,151,2025-03-17 15:49:36
1528,20242,인수동,2202,1334,868,0,166,434,598,681,323,0,37,246,377,410,264,0,129,188,221,271,59,2025-03-17 15:49:36
1529,20242,창3동,529,295,234,0,9,101,227,170,22,0,0,64,138,71,22,0,9,37,89,99,0,2025-03-17 15:49:36
1530,20242,창4동,1452,913,539,0,156,276,355,401,264,0,66,146,211,271,219,0,90,130,144,130,45,2025-03-17 15:49:36
1531,20242,상계3·4동,419,316,103,0,7,18,115,179,100,0,0,9,75,139,93,0,7,9,40,40,7,2025-03-17 15:49:36
1532,20242,신사1동,1154,619,535,0,103,247,272,297,235,0,36,121,151,143,168,0,67,126,121,154,67,2025-03-17 15:49:37
1533,20242,불광1동,1687,719,968,0,233,406,462,394,192,0,80,174,196,171,98,0,153,232,266,223,94,2025-03-17 15:49:37
1534,20242,불광2동,10488,5018,5470,0,421,1495,1788,2315,4469,0,99,764,731,950,2474,0,322,731,1057,1365,1995,2025-03-17 15:49:37
1535,20242,상계10동,386,161,225,0,60,82,103,111,30,0,12,34,39,53,23,0,48,48,64,58,7,2025-03-17 15:49:37
1536,20242,응암1동,1751,972,779,0,169,291,418,407,466,0,70,141,217,205,339,0,99,150,201,202,127,2025-03-17 15:49:37
1537,20242,진관동,640,337,303,0,56,161,179,158,86,0,24,102,102,65,44,0,32,59,77,93,42,2025-03-17 15:49:37
1538,20242,북아현동,938,686,252,0,98,217,259,266,98,0,40,161,201,205,79,0,58,56,58,61,19,2025-03-17 15:49:37
1539,20242,공덕동,12823,7440,5383,4,2870,3550,3515,2252,632,0,1131,1885,2247,1701,476,4,1739,1665,1268,551,156,2025-03-17 15:49:37
1540,20242,대흥동,3136,1546,1590,0,1294,715,453,431,243,0,498,369,248,262,169,0,796,346,205,169,74,2025-03-17 15:49:37
1541,20242,대조동,1501,744,757,0,145,336,421,365,234,0,34,166,202,163,179,0,111,170,219,202,55,2025-03-17 15:49:37
1542,20242,서교동,24904,12720,12184,0,5217,7000,5782,4116,2789,0,2141,3500,3181,2168,1730,0,3076,3500,2601,1948,1059,2025-03-17 15:49:37
1543,20242,아현동,4414,2432,1982,0,838,1434,1260,748,134,0,366,802,704,456,104,0,472,632,556,292,30,2025-03-17 15:49:37
1544,20242,성산2동,1476,660,816,0,112,280,410,480,194,0,34,138,184,188,116,0,78,142,226,292,78,2025-03-17 15:49:37
1545,20242,화곡1동,3969,2254,1715,0,349,832,1008,1149,631,0,153,490,555,647,409,0,196,342,453,502,222,2025-03-17 15:49:37
1546,20242,화곡4동,1640,727,913,0,382,457,340,309,152,0,75,195,168,168,121,0,307,262,172,141,31,2025-03-17 15:49:37
1547,20242,방화1동,3439,2722,717,0,337,736,859,997,510,0,258,605,691,829,339,0,79,131,168,168,171,2025-03-17 15:49:37
1548,20242,고척1동,2225,1591,634,0,191,454,593,674,313,0,100,308,414,509,260,0,91,146,179,165,53,2025-03-17 15:49:38
1549,20242,신정3동,1399,1010,389,0,110,269,354,299,367,0,53,166,241,211,339,0,57,103,113,88,28,2025-03-17 15:49:38
1550,20242,시흥3동,1998,1185,813,0,142,294,462,523,577,0,74,191,269,285,366,0,68,103,193,238,211,2025-03-17 15:49:38
1551,20242,독산2동,1302,759,543,0,131,270,316,418,167,0,73,122,158,256,150,0,58,148,158,162,17,2025-03-17 15:49:38
1552,20242,사당2동,1408,771,637,0,219,421,389,261,118,0,104,253,231,120,63,0,115,168,158,141,55,2025-03-17 15:49:38
1553,20242,신길4동,715,357,358,0,119,170,184,169,73,0,41,79,90,91,56,0,78,91,94,78,17,2025-03-17 15:49:38
1554,20242,영등포동,13005,7280,5725,0,2384,3229,3101,2575,1716,0,876,1800,1932,1515,1157,0,1508,1429,1169,1060,559,2025-03-17 15:49:38
1555,20242,서원동,1726,698,1028,0,315,377,319,391,324,0,66,147,161,142,182,0,249,230,158,249,142,2025-03-17 15:49:38
1556,20242,성현동,1199,452,747,1,174,211,274,365,174,1,80,111,124,97,39,0,94,100,150,268,135,2025-03-17 15:49:38
1557,20242,흑석동,76,46,30,0,0,20,26,20,10,0,0,10,16,10,10,0,0,10,10,10,0,2025-03-17 15:49:38
1558,20242,삼성동,713,410,303,0,57,137,210,208,101,0,24,68,110,113,95,0,33,69,100,95,6,2025-03-17 15:49:38
1559,20242,인헌동,909,532,377,0,187,277,240,135,70,0,83,173,145,69,62,0,104,104,95,66,8,2025-03-17 15:49:38
1560,20242,사당5동,1281,702,579,0,146,324,393,314,104,0,62,148,205,183,104,0,84,176,188,131,0,2025-03-17 15:49:38
1561,20242,서초1동,41721,23337,18384,2,8767,10822,9223,10183,2724,0,3149,5819,5339,7051,1979,2,5618,5003,3884,3132,745,2025-03-17 15:49:38
1562,20242,도곡1동,28100,19906,8194,41,4805,6545,7823,7121,1765,41,2437,4289,5882,5824,1433,0,2368,2256,1941,1297,332,2025-03-17 15:49:38
1563,20242,방배1동,17414,11559,5855,41,3449,5375,4250,3161,1138,39,1636,3280,3137,2605,862,2,1813,2095,1113,556,276,2025-03-17 15:49:38
1564,20242,거여1동,3002,2255,747,0,756,872,726,395,253,0,526,699,562,273,195,0,230,173,164,122,58,2025-03-17 15:49:38
1565,20242,대치1동,14138,7534,6604,16,2582,4621,3529,2200,1190,5,970,2293,1994,1405,867,11,1612,2328,1535,795,323,2025-03-17 15:49:38
1566,20242,명일1동,2757,1540,1217,0,409,742,700,494,412,0,186,454,459,252,189,0,223,288,241,242,223,2025-03-17 15:49:39
1567,20242,성내3동,5543,3369,2174,0,751,1257,1404,1173,958,0,392,807,860,669,641,0,359,450,544,504,317,2025-03-17 15:49:39
1568,20242,평창동,10316,5791,4525,0,1273,2770,3382,2246,645,0,613,1416,1999,1349,414,0,660,1354,1383,897,231,2025-03-17 15:49:39
1569,20242,교남동,689,411,278,0,68,180,196,143,102,0,18,91,117,98,87,0,50,89,79,45,15,2025-03-17 15:49:39
1570,20242,을지로동,15636,8536,7100,0,3783,3785,3429,2735,1904,0,986,2093,2230,1893,1334,0,2797,1692,1199,842,570,2025-03-17 15:49:39
1571,20242,한남동,28708,21055,7653,15,4744,8508,7564,6602,1275,15,2258,5674,6131,5934,1043,0,2486,2834,1433,668,232,2025-03-17 15:49:39
1572,20242,약수동,9944,3844,6100,19,1603,3722,2752,1363,485,0,491,1311,913,781,348,19,1112,2411,1839,582,137,2025-03-17 15:49:39
1573,20242,성수2가3동,40575,25998,14577,49,6680,10329,10153,8152,5212,49,3704,6900,6833,4917,3595,0,2976,3429,3320,3235,1617,2025-03-17 15:49:39
1574,20242,사근동,324,243,81,0,5,56,119,106,38,0,0,37,83,85,38,0,5,19,36,21,0,2025-03-17 15:49:39
1575,20242,자양2동,1864,1164,700,0,259,417,499,494,195,0,179,271,290,268,156,0,80,146,209,226,39,2025-03-17 15:49:39
1576,20242,마장동,6039,4290,1749,0,487,1069,1386,2007,1090,0,292,742,1009,1423,824,0,195,327,377,584,266,2025-03-17 15:49:39
1577,20242,면목5동,837,620,217,0,52,126,244,229,186,0,51,113,119,152,185,0,1,13,125,77,1,2025-03-17 15:49:39
1578,20242,휘경2동,844,434,410,0,108,190,220,206,120,0,28,90,116,108,92,0,80,100,104,98,28,2025-03-17 15:49:39
1579,20242,우이동,1300,825,475,0,28,71,181,335,685,0,0,30,102,236,457,0,28,41,79,99,228,2025-03-17 15:49:39
1580,20242,수유1동,870,390,480,0,47,138,255,294,136,0,0,42,101,129,118,0,47,96,154,165,18,2025-03-17 15:49:39
1581,20242,안암동,2475,1658,817,0,312,670,722,549,222,0,160,420,465,406,207,0,152,250,257,143,15,2025-03-17 15:49:39
1582,20242,장위1동,390,212,178,0,70,86,102,81,51,0,34,51,51,38,38,0,36,35,51,43,13,2025-03-17 15:49:39
1583,20242,정릉2동,1024,425,599,0,152,258,288,233,93,0,13,99,112,109,92,0,139,159,176,124,1,2025-03-17 15:49:40
1584,20242,정릉1동,471,264,207,0,42,88,110,141,90,0,0,31,55,89,89,0,42,57,55,52,1,2025-03-17 15:49:40
1585,20242,갈현1동,1802,910,892,0,301,427,432,414,228,0,107,219,216,208,160,0,194,208,216,206,68,2025-03-17 15:49:40
1586,20242,신사2동,775,567,208,0,75,157,208,198,137,0,64,111,121,136,135,0,11,46,87,62,2,2025-03-17 15:49:40
1587,20242,망원1동,2526,1428,1098,0,705,713,534,377,197,0,405,383,262,226,152,0,300,330,272,151,45,2025-03-17 15:49:40
1588,20242,목1동,12735,8256,4479,6,2216,3475,3185,2594,1259,4,1037,2276,2256,1863,820,2,1179,1199,929,731,439,2025-03-17 15:49:40
1589,20242,방화3동,1716,1110,606,0,167,368,437,471,273,0,84,195,270,329,232,0,83,173,167,142,41,2025-03-17 15:49:40
1590,20242,구로5동,10695,6744,3951,2,1512,2515,2776,2368,1522,2,849,1734,1834,1405,920,0,663,781,942,963,602,2025-03-17 15:49:40
1591,20242,화곡8동,1483,820,663,0,190,418,448,260,167,0,85,224,224,167,120,0,105,194,224,93,47,2025-03-17 15:49:40
1592,20242,구로2동,10444,6475,3969,2,1234,2439,2637,2650,1482,1,570,1448,1584,1747,1125,1,664,991,1053,903,357,2025-03-17 15:49:40
1593,20242,독산1동,9731,6253,3478,0,742,1316,1630,2147,3896,0,444,878,1050,1327,2554,0,298,438,580,820,1342,2025-03-17 15:49:40
1594,20242,독산4동,1104,651,453,0,118,187,231,265,303,0,83,112,143,127,186,0,35,75,88,138,117,2025-03-17 15:49:40
1595,20242,대림3동,4344,2834,1510,0,416,910,1139,1044,835,0,213,646,818,661,496,0,203,264,321,383,339,2025-03-17 15:49:40
1596,20242,대림2동,2866,1461,1405,0,532,685,636,443,570,0,210,364,272,248,367,0,322,321,364,195,203,2025-03-17 15:49:40
1597,20242,상도2동,805,415,390,0,85,199,217,208,96,0,38,104,113,104,56,0,47,95,104,104,40,2025-03-17 15:49:40
1598,20242,서림동,1147,651,496,0,162,208,290,249,238,0,81,109,155,149,157,0,81,99,135,100,81,2025-03-17 15:49:40
1599,20242,서초4동,32314,18482,13832,106,6315,9902,8120,5716,2155,45,2399,5657,5270,3593,1518,61,3916,4245,2850,2123,637,2025-03-17 15:49:40
1600,20242,도곡2동,114106,78028,36078,535,21806,44841,32782,11818,2324,341,11652,30710,25200,8601,1524,194,10154,14131,7582,3217,800,2025-03-17 15:49:41
1601,20242,반포1동,7778,4809,2969,0,1415,2610,1960,1182,611,0,667,1708,1316,656,462,0,748,902,644,526,149,2025-03-17 15:49:41
1602,20242,문정1동,26466,20449,6017,0,2405,4938,7625,9988,1510,0,1416,3562,5935,8559,977,0,989,1376,1690,1429,533,2025-03-17 15:49:41
1603,20242,명일2동,1737,1190,547,0,208,495,466,366,202,0,106,350,338,235,161,0,102,145,128,131,41,2025-03-17 15:49:41
1604,20242,석촌동,6810,4488,2322,0,830,1552,1584,1401,1443,0,480,1118,1066,815,1009,0,350,434,518,586,434,2025-03-17 15:49:41
1605,20242,잠실3동,27271,18487,8784,116,4969,6844,6801,5172,3369,54,2589,4736,5029,3704,2375,62,2380,2108,1772,1468,994,2025-03-17 15:49:41
1606,20242,창신1동,1699,726,973,0,47,291,578,475,308,0,5,73,193,218,237,0,42,218,385,257,71,2025-03-17 15:49:41
1607,20242,창신2동,56,4,52,0,0,0,13,32,11,0,0,0,0,4,0,0,0,0,13,28,11,2025-03-17 15:49:41
1608,20242,창신3동,96,40,56,0,8,26,25,32,5,0,1,9,9,16,5,0,7,17,16,16,0,2025-03-17 15:49:41
1609,20242,이화동,1345,750,595,0,200,338,352,283,172,0,62,151,211,193,133,0,138,187,141,90,39,2025-03-17 15:49:41
1610,20242,신당동,4003,2167,1836,0,1228,845,749,713,468,0,533,448,383,475,328,0,695,397,366,238,140,2025-03-17 15:49:41
1611,20242,원효로2동,2630,1920,710,0,416,808,735,425,246,0,241,579,569,324,207,0,175,229,166,101,39,2025-03-17 15:49:41
1612,20242,이태원2동,755,430,325,0,113,269,216,104,53,0,53,147,117,60,53,0,60,122,99,44,0,2025-03-17 15:49:41
1613,20242,이촌2동,1693,1143,550,0,245,462,500,367,119,0,113,288,375,281,86,0,132,174,125,86,33,2025-03-17 15:49:41
1614,20242,한강로동,44336,21895,22441,62,9063,13874,12681,6513,2143,27,3691,6496,6309,3962,1410,35,5372,7378,6372,2551,733,2025-03-17 15:49:41
1615,20242,소공동,96440,51200,45240,498,27908,30449,21214,12761,3610,126,9073,15147,15131,9317,2406,372,18835,15302,6083,3444,1204,2025-03-17 15:49:41
1616,20242,중림동,2924,1636,1288,0,613,949,767,396,199,0,278,515,430,266,147,0,335,434,337,130,52,2025-03-17 15:49:42
1617,20242,행당1동,1334,918,416,0,164,282,346,388,154,0,82,178,242,295,121,0,82,104,104,93,33,2025-03-17 15:49:42
1618,20242,금호4가동,419,249,170,0,52,95,117,100,55,0,18,48,77,61,45,0,34,47,40,39,10,2025-03-17 15:49:42
1619,20242,장안2동,4530,2436,2094,0,1404,880,925,850,471,0,727,505,431,411,362,0,677,375,494,439,109,2025-03-17 15:49:42
1620,20242,전농2동,885,462,423,0,105,184,234,238,124,0,43,86,127,124,82,0,62,98,107,114,42,2025-03-17 15:49:42
1621,20242,청량리동,1775,954,821,0,307,538,337,325,268,0,109,313,187,186,159,0,198,225,150,139,109,2025-03-17 15:49:42
1622,20242,중화1동,893,475,418,0,84,197,241,218,153,0,24,75,113,128,135,0,60,122,128,90,18,2025-03-17 15:49:42
1623,20242,돈암1동,152,71,81,0,44,46,31,22,9,0,11,23,17,12,8,0,33,23,14,10,1,2025-03-17 15:49:42
1624,20242,미아동,4013,2324,1689,0,289,706,1241,1212,565,0,89,346,702,760,427,0,200,360,539,452,138,2025-03-17 15:49:42
1625,20242,정릉4동,948,588,360,0,56,144,234,316,198,0,10,72,151,216,139,0,46,72,83,100,59,2025-03-17 15:49:42
1626,20242,쌍문4동,175,92,83,0,16,40,52,47,20,0,3,19,26,26,18,0,13,21,26,21,2,2025-03-17 15:49:42
1627,20242,증산동,1869,1221,648,0,238,503,513,433,182,0,107,333,338,292,151,0,131,170,175,141,31,2025-03-17 15:49:42
1628,20242,남가좌2동,903,464,439,0,77,189,270,275,92,0,10,89,128,153,84,0,67,100,142,122,8,2025-03-17 15:49:42
1629,20242,북가좌2동,1266,642,624,0,165,250,294,335,222,0,26,127,171,179,139,0,139,123,123,156,83,2025-03-17 15:49:42
1630,20242,연희동,21401,14196,7205,0,3384,5345,4614,6001,2057,0,1892,3596,2902,4324,1482,0,1492,1749,1712,1677,575,2025-03-17 15:49:42
1631,20242,충현동,11306,7045,4261,0,1398,2898,3003,2692,1315,0,657,1760,1909,1774,945,0,741,1138,1094,918,370,2025-03-17 15:49:42
1632,20242,천연동,913,491,422,0,68,146,243,327,129,0,17,66,137,191,80,0,51,80,106,136,49,2025-03-17 15:49:43
1633,20242,구산동,1455,777,678,0,169,270,323,474,219,0,66,121,151,294,145,0,103,149,172,180,74,2025-03-17 15:49:43
1634,20242,수색동,244,158,86,0,31,66,60,48,39,0,15,43,38,31,31,0,16,23,22,17,8,2025-03-17 15:49:43
1635,20242,합정동,5432,3054,2378,0,887,1599,1455,984,507,0,330,786,912,657,369,0,557,813,543,327,138,2025-03-17 15:49:43
1636,20242,신월1동,1782,1174,608,0,137,307,419,613,306,0,76,191,250,414,243,0,61,116,169,199,63,2025-03-17 15:49:43
1637,20242,신월2동,1190,691,499,0,91,193,323,332,251,0,53,116,164,178,180,0,38,77,159,154,71,2025-03-17 15:49:43
1638,20242,신수동,2170,1233,937,0,263,605,610,533,159,0,97,284,350,371,131,0,166,321,260,162,28,2025-03-17 15:49:43
1639,20242,신월7동,2299,1509,790,0,248,381,469,549,652,0,186,289,313,331,390,0,62,92,156,218,262,2025-03-17 15:49:43
1640,20242,가양1동,2416,1516,900,0,252,505,556,588,515,0,101,310,337,384,384,0,151,195,219,204,131,2025-03-17 15:49:43
1641,20242,가양3동,1182,761,421,2,198,262,332,246,142,1,130,175,213,146,96,1,68,87,119,100,46,2025-03-17 15:49:43
1642,20242,오류1동,2151,1374,777,0,275,401,535,627,313,0,201,276,321,356,220,0,74,125,214,271,93,2025-03-17 15:49:43
1643,20242,가산동,95655,62951,32704,283,18856,29752,23688,14009,9067,185,10008,19990,17091,9311,6366,98,8848,9762,6597,4698,2701,2025-03-17 15:49:43
1644,20242,문래동,71867,52241,19626,32,11101,23517,22164,11324,3729,6,6202,17886,18113,7686,2348,26,4899,5631,4051,3638,1381,2025-03-17 15:49:43
1645,20242,신길6동,1442,930,512,0,138,347,388,317,252,0,69,221,237,209,194,0,69,126,151,108,58,2025-03-17 15:49:43
1646,20242,양평2동,11342,6502,4840,0,2061,3101,3143,1963,1074,0,894,1873,1781,1158,796,0,1167,1228,1362,805,278,2025-03-17 15:49:43
1647,20242,상도4동,710,424,286,0,83,171,186,177,93,0,39,99,109,128,49,0,44,72,77,49,44,2025-03-17 15:49:43
1648,20242,상도1동,2227,1282,945,0,354,543,540,492,298,0,152,302,327,299,202,0,202,241,213,193,96,2025-03-17 15:49:43
1649,20242,신사동,25038,14951,10087,0,5207,7580,6409,3823,2019,0,2025,4624,4287,2509,1506,0,3182,2956,2122,1314,513,2025-03-17 15:49:44
1650,20242,개포4동,6678,4824,1854,0,809,1516,1891,1595,867,0,402,1015,1435,1247,725,0,407,501,456,348,142,2025-03-17 15:49:44
1651,20242,개포2동,8731,5723,3008,4,1535,2490,2091,1621,990,0,820,1664,1440,1034,765,4,715,826,651,587,225,2025-03-17 15:49:44
1652,20242,역삼2동,68537,40632,27905,152,15811,19055,16307,12155,5057,43,7630,12199,10844,6356,3560,109,8181,6856,5463,5799,1497,2025-03-17 15:49:44
1653,20242,방이1동,8432,6181,2251,0,874,1654,2217,2258,1429,0,420,1055,1654,1811,1241,0,454,599,563,447,188,2025-03-17 15:49:44
1654,20242,방이2동,40058,23009,17049,7,6471,10275,9044,8561,5700,7,3632,6681,5532,4014,3143,0,2839,3594,3512,4547,2557,2025-03-17 15:49:44
1655,20242,거여2동,1196,618,578,0,150,198,297,359,192,0,84,117,150,163,104,0,66,81,147,196,88,2025-03-17 15:49:44
1656,20242,개포1동,1310,805,505,5,206,347,341,271,140,2,93,192,235,183,100,3,113,155,106,88,40,2025-03-17 15:49:44
1657,20242,장지동,3218,2180,1038,0,351,512,766,847,742,0,193,341,508,589,549,0,158,171,258,258,193,2025-03-17 15:49:44
1658,20242,고덕1동,653,337,316,0,74,143,169,156,111,0,33,80,82,71,71,0,41,63,87,85,40,2025-03-17 15:49:44
1659,20242,잠실6동,59905,31919,27986,111,9537,15898,17089,15283,1987,31,4414,9772,9864,6342,1496,80,5123,6126,7225,8941,491,2025-03-17 15:49:44
1660,20242,오륜동,15516,8991,6525,17,2517,4692,4029,3106,1155,5,1014,2440,2590,2057,885,12,1503,2252,1439,1049,270,2025-03-17 15:49:44
1661,20242,청운효자동,5377,3480,1897,1,988,1564,1499,958,367,0,431,980,1114,694,261,1,557,584,385,264,106,2025-03-17 15:49:44
1662,20242,동화동,1010,451,559,0,165,241,258,219,127,0,47,80,126,118,80,0,118,161,132,101,47,2025-03-17 15:49:44
1663,20192,송중동,2430,1237,1193,5,283,450,643,599,450,5,119,238,307,263,305,0,164,212,336,336,145,2025-03-17 15:49:44
1664,20242,삼청동,3669,3043,626,0,438,986,1160,876,209,0,284,763,1005,792,199,0,154,223,155,84,10,2025-03-17 15:49:44
1665,20242,금호1가동,1330,486,844,6,156,438,542,155,33,0,45,145,212,60,24,6,111,293,330,95,9,2025-03-17 15:49:44
1666,20242,용산2가동,415,312,103,0,5,69,172,164,5,0,0,37,138,132,5,0,5,32,34,32,0,2025-03-17 15:49:45
1667,20242,성수1가1동,2207,1375,832,0,274,467,495,593,378,0,125,290,315,403,242,0,149,177,180,190,136,2025-03-17 15:49:45
1668,20242,성수2가1동,7294,4668,2626,17,1689,2131,1695,1190,572,9,756,1383,1164,851,505,8,933,748,531,339,67,2025-03-17 15:49:45
1669,20242,장충동,5048,2670,2378,4,1160,1388,1309,970,217,0,409,777,777,561,146,4,751,611,532,409,71,2025-03-17 15:49:45
1670,20242,자양4동,329,275,54,0,0,22,85,104,118,0,0,18,59,80,118,0,0,4,26,24,0,2025-03-17 15:49:45
1671,20242,자양1동,7514,5952,1562,0,497,1061,2050,3078,828,0,218,691,1645,2673,725,0,279,370,405,405,103,2025-03-17 15:49:45
1672,20242,면목3·8동,1509,983,526,0,105,262,412,433,297,0,18,138,250,327,250,0,87,124,162,106,47,2025-03-17 15:49:45
1673,20242,휘경1동,682,425,257,0,55,139,180,180,128,0,14,88,118,129,76,0,41,51,62,51,52,2025-03-17 15:49:45
1674,20242,면목본동,752,415,337,0,56,193,213,201,89,0,0,98,114,114,89,0,56,95,99,87,0,2025-03-17 15:49:45
1675,20242,쌍문2동,838,486,352,0,77,142,209,260,150,0,10,67,109,167,133,0,67,75,100,93,17,2025-03-17 15:49:45
1676,20242,쌍문1동,650,315,335,0,53,100,188,203,106,0,0,33,70,106,106,0,53,67,118,97,0,2025-03-17 15:49:45
1677,20242,공릉2동,2062,953,1109,0,342,519,504,483,214,0,103,236,236,239,139,0,239,283,268,244,75,2025-03-17 15:49:45
1678,20242,창1동,807,363,444,0,107,164,221,226,89,0,36,65,97,105,60,0,71,99,124,121,29,2025-03-17 15:49:45
1679,20242,하계1동,439,276,163,0,50,93,109,127,60,0,23,54,64,88,47,0,27,39,45,39,13,2025-03-17 15:49:45
1680,20242,방학3동,923,556,367,0,160,211,217,213,122,0,102,121,138,103,92,0,58,90,79,110,30,2025-03-17 15:49:45
1681,20242,홍은2동,1905,1237,668,0,303,524,472,411,195,0,176,340,302,271,148,0,127,184,170,140,47,2025-03-17 15:49:45
1682,20242,중계4동,1023,565,458,0,96,210,241,274,202,0,35,101,127,147,155,0,61,109,114,127,47,2025-03-17 15:49:46
1683,20242,월계3동,63,33,30,0,6,12,18,18,9,0,3,6,9,9,6,0,3,6,9,9,3,2025-03-17 15:49:46
1684,20242,녹번동,2119,1129,990,0,230,496,588,572,233,0,109,238,279,344,159,0,121,258,309,228,74,2025-03-17 15:49:46
1685,20242,신월4동,960,654,306,0,32,115,229,322,262,0,11,63,129,219,232,0,21,52,100,103,30,2025-03-17 15:49:46
1686,20242,신월5동,1297,733,564,0,140,342,341,338,136,0,65,171,178,201,118,0,75,171,163,137,18,2025-03-17 15:49:46
1687,20242,등촌1동,4511,2729,1782,0,900,1179,1002,805,625,0,330,749,698,533,419,0,570,430,304,272,206,2025-03-17 15:49:46
1688,20242,등촌3동,10445,5539,4906,0,1309,2231,2338,2582,1985,0,576,1217,1365,1257,1124,0,733,1014,973,1325,861,2025-03-17 15:49:46
1689,20242,방화2동,1685,1181,504,0,129,321,390,484,361,0,79,210,269,317,306,0,50,111,121,167,55,2025-03-17 15:49:46
1690,20242,우장산동,2596,1441,1155,0,570,585,557,547,337,0,213,341,332,330,225,0,357,244,225,217,112,2025-03-17 15:49:46
1691,20242,고척2동,1156,743,413,0,106,267,310,325,148,0,74,170,183,187,129,0,32,97,127,138,19,2025-03-17 15:49:46
1692,20242,개봉1동,17477,10202,7275,0,1472,3762,4205,4673,3365,0,764,2092,2152,2663,2531,0,708,1670,2053,2010,834,2025-03-17 15:49:46
1693,20242,개봉2동,6326,3136,3190,0,1127,1538,1510,1508,643,0,642,983,672,506,333,0,485,555,838,1002,310,2025-03-17 15:49:46
1694,20242,구로4동,1050,582,468,0,85,224,270,268,203,0,28,128,140,140,146,0,57,96,130,128,57,2025-03-17 15:49:46
1695,20242,신정2동,20043,11522,8521,4,3632,6521,5379,3543,964,0,1470,3585,3332,2362,773,4,2162,2936,2047,1181,191,2025-03-17 15:49:46
1696,20242,시흥1동,3572,1926,1646,0,528,853,851,897,443,0,244,426,426,507,323,0,284,427,425,390,120,2025-03-17 15:49:46
1697,20242,신길5동,785,379,406,0,51,176,276,205,77,0,20,78,101,104,76,0,31,98,175,101,1,2025-03-17 15:49:46
1698,20242,양평1동,8546,4969,3577,4,1697,1985,1904,1717,1239,0,867,1270,1140,884,808,4,830,715,764,833,431,2025-03-17 15:49:46
1699,20242,신원동,432,275,157,0,8,100,129,124,71,0,8,58,83,78,48,0,0,42,46,46,23,2025-03-17 15:49:47
1700,20242,대학동,396,336,60,0,40,105,122,105,24,0,27,81,109,95,24,0,13,24,13,10,0,2025-03-17 15:49:47
1701,20242,보라매동,8912,4593,4319,0,1090,2068,2150,2290,1314,0,417,1051,1099,1085,941,0,673,1017,1051,1205,373,2025-03-17 15:49:47
1702,20242,조원동,2571,1609,962,0,494,638,630,551,258,0,227,413,403,374,192,0,267,225,227,177,66,2025-03-17 15:49:47
1703,20242,방배4동,14768,9129,5639,0,2559,4085,3682,2821,1621,0,1082,2405,2494,1977,1171,0,1477,1680,1188,844,450,2025-03-17 15:49:47
1704,20242,사당4동,793,419,374,0,70,118,180,148,277,0,29,61,75,66,188,0,41,57,105,82,89,2025-03-17 15:49:47
1705,20242,논현2동,56378,36111,20267,0,10816,16385,13654,9141,6382,0,4704,9805,9712,6968,4922,0,6112,6580,3942,2173,1460,2025-03-17 15:49:47
1706,20242,대치2동,84405,47202,37203,501,15329,23218,19449,15907,10001,217,7058,14207,12498,8214,5008,284,8271,9011,6951,7693,4993,2025-03-17 15:49:47
1707,20242,반포4동,63769,56313,7456,13,6374,13553,17207,23722,2900,3,4843,11276,15276,22550,2365,10,1531,2277,1931,1172,535,2025-03-17 15:49:47
1708,20242,반포본동,6068,3302,2766,12,1002,2001,1732,1039,282,7,366,1091,971,650,217,5,636,910,761,389,65,2025-03-17 15:49:47
1709,20242,삼성2동,54523,31356,23167,51,11003,17708,13865,7714,4182,16,4563,10420,9261,4333,2763,35,6440,7288,4604,3381,1419,2025-03-17 15:49:47
1710,20242,가락2동,5913,3966,1947,0,786,1251,1177,1111,1588,0,464,850,777,662,1213,0,322,401,400,449,375,2025-03-17 15:49:47
1711,20242,강일동,149,100,49,0,20,31,43,38,17,0,10,22,28,25,15,0,10,9,15,13,2,2025-03-17 15:49:47
1712,20242,천호1동,5665,3330,2335,0,439,1033,1447,1387,1359,0,133,532,732,860,1073,0,306,501,715,527,286,2025-03-17 15:49:47
1713,20242,천호3동,827,482,345,0,24,74,133,143,453,0,4,32,66,74,306,0,20,42,67,69,147,2025-03-17 15:49:47
1714,20242,성내1동,11908,8086,3822,0,1414,2494,2569,3068,2363,0,810,1558,1682,2219,1817,0,604,936,887,849,546,2025-03-17 15:49:47
1715,20242,명동,127964,74078,53886,25,20947,43132,34747,22800,6313,0,8365,22222,22388,16811,4292,25,12582,20910,12359,5989,2021,2025-03-17 15:49:48
1716,20242,숭인2동,1439,731,708,0,204,250,348,353,284,0,53,116,196,212,154,0,151,134,152,141,130,2025-03-17 15:49:48
1717,20242,황학동,918,675,243,0,117,277,259,167,98,0,90,178,169,140,98,0,27,99,90,27,0,2025-03-17 15:49:48
1718,20242,성수1가2동,4957,3435,1522,0,790,1011,1047,1084,1025,0,474,674,677,778,832,0,316,337,370,306,193,2025-03-17 15:49:48
1719,20242,구의2동,1846,1169,677,0,260,317,479,506,284,0,131,177,319,333,209,0,129,140,160,173,75,2025-03-17 15:49:48
1720,20242,행당2동,3,0,3,0,0,1,1,1,0,0,0,0,0,0,0,0,0,1,1,1,0,2025-03-17 15:49:48
1721,20242,답십리1동,1771,852,919,0,255,366,493,475,182,0,173,244,177,130,128,0,82,122,316,345,54,2025-03-17 15:49:48
1722,20242,전농1동,387,311,76,0,17,40,138,147,45,0,15,30,119,118,29,0,2,10,19,29,16,2025-03-17 15:49:48
1723,20242,면목4동,396,338,58,0,6,50,122,171,47,0,2,38,96,155,47,0,4,12,26,16,0,2025-03-17 15:49:48
1724,20242,중화2동,372,249,123,0,10,23,122,94,123,0,4,10,61,61,113,0,6,13,61,33,10,2025-03-17 15:49:48
1725,20242,돈암2동,446,272,174,1,69,107,142,80,47,0,32,64,96,59,21,1,37,43,46,21,26,2025-03-17 15:49:48
1726,20242,석관동,1554,1144,410,0,43,191,284,332,704,0,20,138,172,226,588,0,23,53,112,106,116,2025-03-17 15:49:48
1727,20242,월곡2동,3056,1939,1117,0,488,877,749,536,406,0,244,572,451,321,351,0,244,305,298,215,55,2025-03-17 15:49:48
1728,20242,수유3동,2578,1325,1253,0,200,650,702,721,305,0,51,273,325,450,226,0,149,377,377,271,79,2025-03-17 15:49:48
1729,20242,삼각산동,269,146,123,0,48,74,92,38,17,0,18,42,50,19,17,0,30,32,42,19,0,2025-03-17 15:49:48
1730,20242,수유2동,1213,668,545,0,10,32,246,393,532,0,0,19,162,273,214,0,10,13,84,120,318,2025-03-17 15:49:48
1731,20242,방학2동,420,192,228,0,5,94,106,94,121,0,0,47,49,47,49,0,5,47,57,47,72,2025-03-17 15:49:48
1732,20242,장위3동,283,174,109,0,36,53,65,74,55,0,8,28,37,46,55,0,28,25,28,28,0,2025-03-17 15:49:49
1733,20242,정릉3동,238,194,44,0,29,81,60,45,23,0,21,62,52,40,19,0,8,19,8,5,4,2025-03-17 15:49:49
1734,20242,상계8동,526,276,250,0,73,153,129,119,52,0,26,97,54,65,34,0,47,56,75,54,18,2025-03-17 15:49:49
1735,20242,도봉2동,608,390,218,0,22,66,106,157,257,0,6,33,59,102,190,0,16,33,47,55,67,2025-03-17 15:49:49
1736,20242,신월3동,861,507,354,0,67,160,199,277,158,0,19,64,103,179,142,0,48,96,96,98,16,2025-03-17 15:49:49
1737,20242,신정4동,7068,3933,3135,0,1170,1243,1364,1504,1787,0,323,601,700,819,1490,0,847,642,664,685,297,2025-03-17 15:49:49
1738,20242,홍제3동,618,300,318,0,35,61,125,174,223,0,1,21,52,93,133,0,34,40,73,81,90,2025-03-17 15:49:49
1739,20242,화곡6동,5092,3250,1842,0,710,1375,1312,1159,536,0,354,876,835,771,414,0,356,499,477,388,122,2025-03-17 15:49:49
1740,20242,염창동,2236,1041,1195,0,350,657,664,381,184,0,126,288,268,212,147,0,224,369,396,169,37,2025-03-17 15:49:49
1741,20242,시흥4동,1085,662,423,0,175,230,323,274,83,0,110,161,194,126,71,0,65,69,129,148,12,2025-03-17 15:49:49
1742,20242,당산2동,10350,6927,3423,0,1619,2332,2517,2296,1586,0,821,1454,1754,1684,1214,0,798,878,763,612,372,2025-03-17 15:49:49
1743,20242,신길3동,362,307,55,0,1,42,91,107,121,0,0,37,72,82,116,0,1,5,19,25,5,2025-03-17 15:49:49
1744,20242,신대방1동,3097,1965,1132,0,590,993,725,496,293,0,301,642,500,322,200,0,289,351,225,174,93,2025-03-17 15:49:49
1745,20242,신대방2동,10847,6910,3937,14,1979,2262,2031,2543,2018,7,1499,1740,1296,1294,1074,7,480,522,735,1249,944,2025-03-17 15:49:49
1746,20242,사당3동,954,562,392,0,110,214,264,224,142,0,38,115,164,134,111,0,72,99,100,90,31,2025-03-17 15:49:49
1747,20242,서초2동,56400,37468,18932,86,11821,18627,14132,8646,3088,15,6461,12575,9718,6487,2212,71,5360,6052,4414,2159,876,2025-03-17 15:49:49
1748,20242,청담동,51520,29529,21991,14,10757,17061,12827,7753,3108,0,4054,9745,8434,5124,2172,14,6703,7316,4393,2629,936,2025-03-17 15:49:49
1749,20242,삼전동,3830,2573,1257,0,455,872,862,780,861,0,261,565,559,475,713,0,194,307,303,305,148,2025-03-17 15:49:49
1750,20242,가락1동,4765,3333,1432,0,324,885,1313,1366,877,0,218,677,967,897,574,0,106,208,346,469,303,2025-03-17 15:49:50
1751,20242,오금동,20030,13974,6056,0,2665,4763,5068,4822,2712,0,1563,3204,3728,3641,1838,0,1102,1559,1340,1181,874,2025-03-17 15:49:50
1752,20242,마천1동,503,247,256,0,25,119,168,161,30,0,0,56,83,78,30,0,25,63,85,83,0,2025-03-17 15:49:50
1753,20242,암사2동,1720,626,1094,0,174,282,410,512,342,0,59,131,167,148,121,0,115,151,243,364,221,2025-03-17 15:49:50
1754,20242,풍납1동,549,325,224,0,59,124,156,157,53,0,34,72,84,85,50,0,25,52,72,72,3,2025-03-17 15:49:50
1755,20242,암사1동,2183,1341,842,0,281,470,462,436,534,0,139,307,294,294,307,0,142,163,168,142,227,2025-03-17 15:49:50
1756,20242,성내2동,1700,1132,568,0,270,358,403,340,329,0,201,235,236,234,226,0,69,123,167,106,103,2025-03-17 15:49:50
1757,20242,종로1·2·3·4가동,118299,65214,53085,1530,23988,36135,32492,18536,5618,635,10442,18152,19058,13083,3844,895,13546,17983,13434,5453,1774,2025-03-17 15:49:50
1758,20242,용문동,2629,1529,1100,0,512,716,730,490,181,0,212,422,436,332,127,0,300,294,294,158,54,2025-03-17 15:49:50
1759,20242,원효로1동,2820,1931,889,0,436,773,741,524,346,0,256,554,518,360,243,0,180,219,223,164,103,2025-03-17 15:49:50
1760,20242,청파동,3005,1625,1380,0,451,778,729,649,398,0,147,358,391,404,325,0,304,420,338,245,73,2025-03-17 15:49:50
1761,20242,옥수동,4558,1770,2788,0,1170,1349,1030,689,320,0,300,499,482,325,164,0,870,850,548,364,156,2025-03-17 15:49:50
1762,20242,왕십리2동,1014,623,391,0,120,270,298,233,93,0,60,146,184,149,84,0,60,124,114,84,9,2025-03-17 15:49:50
1763,20242,용답동,2774,1712,1062,8,714,796,574,430,252,0,303,526,395,278,210,8,411,270,179,152,42,2025-03-17 15:49:50
1764,20242,구의1동,2605,1581,1024,0,363,675,734,605,228,0,194,393,403,396,195,0,169,282,331,209,33,2025-03-17 15:49:50
1765,20242,군자동,906,500,406,0,97,195,214,204,196,0,32,103,123,111,131,0,65,92,91,93,65,2025-03-17 15:49:51
1766,20242,답십리2동,2640,1941,699,0,408,599,628,554,451,0,321,463,453,379,325,0,87,136,175,175,126,2025-03-17 15:49:51
1767,20242,중곡1동,3334,1621,1713,9,889,644,665,794,333,0,379,343,328,318,253,9,510,301,337,476,80,2025-03-17 15:49:51
1768,20242,장안1동,12921,8194,4727,0,1731,2554,2803,2866,2967,0,1047,1656,1757,1733,2001,0,684,898,1046,1133,966,2025-03-17 15:49:51
1769,20242,중곡4동,2743,1354,1389,0,472,677,713,646,235,0,126,314,347,348,219,0,346,363,366,298,16,2025-03-17 15:49:51
1770,20242,묵1동,766,363,403,0,65,189,235,192,85,0,17,90,102,90,64,0,48,99,133,102,21,2025-03-17 15:49:51
1771,20242,신내2동,956,532,424,0,127,240,235,238,116,0,53,113,122,154,90,0,74,127,113,84,26,2025-03-17 15:49:51
1772,20242,상봉1동,1360,991,369,0,140,229,289,378,324,0,100,150,167,270,304,0,40,79,122,108,20,2025-03-17 15:49:51
1773,20242,삼양동,91,65,26,0,4,12,23,25,27,0,0,5,13,20,27,0,4,7,10,5,0,2025-03-17 15:49:51
1774,20242,방학1동,6018,3502,2516,0,594,1337,1482,1810,795,0,324,770,770,1030,608,0,270,567,712,780,187,2025-03-17 15:49:51
1775,20242,쌍문3동,886,401,485,0,194,207,227,215,43,0,31,93,116,123,38,0,163,114,111,92,5,2025-03-17 15:49:51
1776,20242,창2동,851,503,348,0,92,198,243,208,110,0,40,125,134,107,97,0,52,73,109,101,13,2025-03-17 15:49:51
1777,20242,공릉1동,15186,8203,6983,0,1619,2325,3307,4196,3739,0,734,1261,1642,2182,2384,0,885,1064,1665,2014,1355,2025-03-17 15:49:51
1778,20242,월계1동,919,497,422,0,148,220,238,180,133,0,66,131,119,91,90,0,82,89,119,89,43,2025-03-17 15:49:51
1779,20242,창5동,4176,2648,1528,0,477,933,1026,895,845,0,245,645,694,492,572,0,232,288,332,403,273,2025-03-17 15:49:51
1780,20242,상계2동,1611,792,819,0,175,269,426,429,312,0,43,162,202,204,181,0,132,107,224,225,131,2025-03-17 15:49:51
1781,20242,갈현2동,2652,1365,1287,0,240,525,720,726,441,0,110,294,341,318,302,0,130,231,379,408,139,2025-03-17 15:49:51
1782,20242,상계9동,925,582,343,0,117,233,232,261,82,0,64,147,136,172,63,0,53,86,96,89,19,2025-03-17 15:49:51
1783,20242,응암3동,1099,530,569,0,68,276,346,285,124,0,10,138,157,128,97,0,58,138,189,157,27,2025-03-17 15:49:51
1784,20242,홍제1동,3933,2008,1925,0,424,597,1002,1351,559,0,115,267,521,749,356,0,309,330,481,602,203,2025-03-17 15:49:52
1785,20242,남가좌1동,906,546,360,0,64,117,159,227,339,0,43,79,101,121,202,0,21,38,58,106,137,2025-03-17 15:49:52
1786,20242,신촌동,1508,806,702,0,233,424,393,332,126,0,81,183,201,226,115,0,152,241,192,106,11,2025-03-17 15:49:52
1787,20242,도화동,11978,7284,4694,0,2208,2925,3019,2682,1144,0,1152,2009,1988,1396,739,0,1056,916,1031,1286,405,2025-03-17 15:49:52
1788,20242,서강동,3133,1984,1149,0,533,769,751,619,461,0,260,460,502,415,347,0,273,309,249,204,114,2025-03-17 15:49:52
1789,20242,염리동,1815,1219,596,6,352,412,370,399,276,2,177,281,281,281,197,4,175,131,89,118,79,2025-03-17 15:49:52
1790,20242,성산1동,4919,3264,1655,0,617,1031,1131,967,1173,0,307,641,718,672,926,0,310,390,413,295,247,2025-03-17 15:49:52
1791,20242,공항동,3909,2051,1858,0,652,1297,1078,767,115,0,151,538,630,636,96,0,501,759,448,131,19,2025-03-17 15:49:52
1792,20242,목5동,11086,6747,4339,34,1799,2869,2683,2324,1377,17,829,1728,1695,1522,956,17,970,1141,988,802,421,2025-03-17 15:49:52
1793,20242,발산1동,5632,3305,2327,0,288,798,1537,1890,1119,0,113,401,738,1109,944,0,175,397,799,781,175,2025-03-17 15:49:52
1794,20242,화곡3동,2590,1598,992,0,361,621,662,596,350,0,194,413,403,337,251,0,167,208,259,259,99,2025-03-17 15:49:52
1795,20242,구로3동,57713,37866,19847,191,12001,19470,14636,7163,4252,128,6068,12921,10322,5006,3421,63,5933,6549,4314,2157,831,2025-03-17 15:49:52
1796,20242,시흥5동,978,605,373,0,118,240,269,208,143,0,63,167,167,106,102,0,55,73,102,102,41,2025-03-17 15:49:52
1797,20242,도림동,473,342,131,0,10,71,127,143,122,0,0,50,91,100,101,0,10,21,36,43,21,2025-03-17 15:49:52
1798,20242,영등포본동,2560,1468,1092,0,349,644,673,631,263,0,141,328,387,400,212,0,208,316,286,231,51,2025-03-17 15:49:52
1799,20242,상도3동,652,392,260,0,24,130,195,158,145,0,15,99,122,79,77,0,9,31,73,79,68,2025-03-17 15:49:52
1800,20242,신림동,1202,725,477,0,58,167,305,287,385,0,8,87,165,165,300,0,50,80,140,122,85,2025-03-17 15:49:52
1801,20242,남현동,3437,2290,1147,0,575,866,934,679,383,0,317,588,658,448,279,0,258,278,276,231,104,2025-03-17 15:49:52
1802,20242,내곡동,1190,776,414,0,170,247,252,257,264,0,120,180,172,149,155,0,50,67,80,108,109,2025-03-17 15:49:52
1803,20242,청룡동,3423,1885,1538,0,555,986,828,789,265,0,211,504,458,517,195,0,344,482,370,272,70,2025-03-17 15:49:52
1804,20242,중앙동,1013,462,551,0,104,178,235,302,194,0,35,87,108,140,92,0,69,91,127,162,102,2025-03-17 15:49:53
1805,20242,서초3동,55705,33079,22626,10,9598,16715,14298,10172,4912,0,4061,9736,9137,6627,3518,10,5537,6979,5161,3545,1394,2025-03-17 15:49:53
1806,20242,반포2동,2380,1418,962,4,400,739,618,399,220,2,175,447,398,241,155,2,225,292,220,158,65,2025-03-17 15:49:53
1807,20242,세곡동,224,142,82,0,4,36,45,75,64,0,1,19,28,47,47,0,3,17,17,28,17,2025-03-17 15:49:53
1808,20242,수서동,15898,8389,7509,16,2265,4281,4274,3160,1902,9,1013,2302,2241,1682,1142,7,1252,1979,2033,1478,760,2025-03-17 15:49:53
1809,20242,천호2동,2423,1262,1161,0,249,529,629,591,425,0,90,243,312,295,322,0,159,286,317,296,103,2025-03-17 15:49:53
1810,20242,상일동,1339,678,661,0,197,302,328,352,160,0,71,151,196,159,101,0,126,151,132,193,59,2025-03-17 15:49:53
1811,20242,잠실2동,3642,2426,1216,2,699,1057,956,727,201,2,438,742,649,478,117,0,261,315,307,249,84,2025-03-17 15:49:53
1812,20243,종로5·6가동,18119,11326,6793,400,4275,5242,4463,2757,982,76,1772,3372,3267,2139,700,324,2503,1870,1196,618,282,2025-03-17 15:49:53
1813,20243,다산동,5954,3783,2171,0,1053,1917,1452,1038,494,0,433,1319,1023,638,370,0,620,598,429,400,124,2025-03-17 15:49:53
1814,20243,보광동,316,168,148,0,31,66,98,87,34,0,0,31,53,53,31,0,31,35,45,34,3,2025-03-17 15:49:53
1815,20243,부암동,1055,591,464,0,177,310,291,201,76,0,70,172,165,126,58,0,107,138,126,75,18,2025-03-17 15:49:53
1816,20243,회현동,85852,53079,32773,161,16113,30338,23534,12471,3235,32,7524,18100,15335,9829,2259,129,8589,12238,8199,2642,976,2025-03-17 15:49:53
1817,20243,효창동,1148,663,485,0,158,297,316,250,127,0,78,174,190,126,95,0,80,123,126,124,32,2025-03-17 15:49:53
1818,20243,후암동,1618,964,654,0,235,366,465,383,169,0,77,217,307,225,138,0,158,149,158,158,31,2025-03-17 15:49:53
1819,20243,금호2·3가동,238,132,106,0,23,35,58,59,63,0,0,9,29,35,59,0,23,26,29,24,4,2025-03-17 15:49:53
1820,20243,구의3동,7778,4744,3034,0,918,1641,1879,1961,1379,0,521,1148,1274,1015,786,0,397,493,605,946,593,2025-03-17 15:49:53
1821,20243,이문2동,217,117,100,0,24,49,49,56,39,0,7,24,24,31,31,0,17,25,25,25,8,2025-03-17 15:49:53
1822,20243,면목2동,2968,1720,1248,0,126,479,695,990,678,0,0,213,355,583,569,0,126,266,340,407,109,2025-03-17 15:49:53
1823,20243,상봉2동,3451,2431,1020,0,410,897,1164,794,186,0,237,637,785,591,181,0,173,260,379,203,5,2025-03-17 15:49:53
1824,20243,망우3동,196,112,84,0,2,15,54,78,47,0,0,3,21,44,44,0,2,12,33,34,3,2025-03-17 15:49:53
1825,20243,화양동,750,511,239,0,83,112,195,246,114,0,26,60,138,180,107,0,57,52,57,66,7,2025-03-17 15:49:53
1826,20243,신내1동,1252,597,655,0,219,277,230,336,190,0,56,116,109,165,151,0,163,161,121,171,39,2025-03-17 15:49:54
1827,20243,삼선동,3678,1837,1841,0,378,891,1124,924,361,0,117,378,540,584,218,0,261,513,584,340,143,2025-03-17 15:49:54
1828,20243,월곡1동,1214,758,456,0,48,145,250,269,502,0,5,72,129,179,373,0,43,73,121,90,129,2025-03-17 15:49:54
1829,20243,번2동,1063,503,560,0,129,127,306,342,159,0,48,69,130,165,91,0,81,58,176,177,68,2025-03-17 15:49:54
1830,20243,번3동,511,281,230,0,52,83,125,148,103,0,19,40,70,82,70,0,33,43,55,66,33,2025-03-17 15:49:54
1831,20243,장위2동,668,452,216,0,8,110,189,184,177,0,0,55,111,124,162,0,8,55,78,60,15,2025-03-17 15:49:54
1832,20243,상계1동,3429,2169,1260,0,398,714,820,873,624,0,236,478,532,538,385,0,162,236,288,335,239,2025-03-17 15:49:54
1833,20243,상계6·7동,7209,3192,4017,0,1013,1698,1857,1839,802,0,263,648,838,992,451,0,750,1050,1019,847,351,2025-03-17 15:49:54
1834,20243,상계5동,866,436,430,0,5,39,150,247,425,0,1,27,59,107,242,0,4,12,91,140,183,2025-03-17 15:49:54
1835,20243,월계2동,21,10,11,0,2,5,6,6,2,0,0,2,3,3,2,0,2,3,3,3,0,2025-03-17 15:49:54
1836,20243,중계본동,642,308,334,0,67,131,162,194,88,0,32,66,69,86,55,0,35,65,93,108,33,2025-03-17 15:49:54
1837,20243,역촌동,2751,1312,1439,0,447,553,732,640,379,0,152,245,348,304,263,0,295,308,384,336,116,2025-03-17 15:49:54
1838,20243,북가좌1동,326,273,53,0,1,9,33,72,211,0,0,3,15,52,203,0,1,6,18,20,8,2025-03-17 15:49:54
1839,20243,중계2·3동,1011,562,449,0,136,262,258,258,97,0,81,155,132,134,60,0,55,107,126,124,37,2025-03-17 15:49:54
1840,20243,목4동,1884,1172,712,0,211,427,568,481,197,0,81,261,338,309,183,0,130,166,230,172,14,2025-03-17 15:49:54
1841,20243,목3동,1514,836,678,0,198,332,405,366,213,0,99,192,221,184,140,0,99,140,184,182,73,2025-03-17 15:49:54
1842,20243,신정7동,353,208,145,0,42,84,108,79,40,0,19,47,65,48,29,0,23,37,43,31,11,2025-03-17 15:49:54
1843,20243,화곡본동,2162,1261,901,0,192,425,541,545,459,0,57,253,315,289,347,0,135,172,226,256,112,2025-03-17 15:49:54
1844,20243,오류2동,714,443,271,0,65,162,186,185,116,0,29,94,108,118,94,0,36,68,78,67,22,2025-03-17 15:49:54
1845,20243,수궁동,1304,903,401,0,120,252,306,375,251,0,75,163,196,260,209,0,45,89,110,115,42,2025-03-17 15:49:54
1846,20243,당산1동,5713,3446,2267,0,976,1633,1279,1048,777,0,387,911,807,742,599,0,589,722,472,306,178,2025-03-17 15:49:54
1847,20243,신도림동,15684,10325,5359,0,2575,4881,3830,2852,1546,0,1067,3324,2768,1981,1185,0,1508,1557,1062,871,361,2025-03-17 15:49:54
1848,20243,신길1동,3295,1408,1887,0,572,815,743,647,518,0,149,387,347,264,261,0,423,428,396,383,257,2025-03-17 15:49:55
1849,20243,사당1동,2903,1557,1346,0,475,738,797,528,365,0,137,361,402,331,326,0,338,377,395,197,39,2025-03-17 15:49:55
1850,20243,노량진2동,3154,1642,1512,0,505,931,765,647,306,0,264,409,350,415,204,0,241,522,415,232,102,2025-03-17 15:49:55
1851,20243,시흥2동,732,429,303,0,75,148,183,217,109,0,41,85,103,126,74,0,34,63,80,91,35,2025-03-17 15:49:55
1852,20243,난곡동,847,489,358,0,45,187,211,290,114,0,10,96,105,174,104,0,35,91,106,116,10,2025-03-17 15:49:55
1853,20243,난향동,325,158,167,0,35,73,93,72,52,0,5,33,39,37,44,0,30,40,54,35,8,2025-03-17 15:49:55
1854,20243,방배3동,10742,7029,3713,48,1697,3188,2906,1747,1156,14,863,1997,2084,1205,866,34,834,1191,822,542,290,2025-03-17 15:49:55
1855,20243,은천동,843,405,438,0,113,160,177,233,160,0,36,77,92,105,95,0,77,83,85,128,65,2025-03-17 15:49:55
1856,20243,삼성1동,214989,145072,69917,532,43316,64476,57579,38167,10919,264,23280,42620,42460,29923,6525,268,20036,21856,15119,8244,4394,2025-03-17 15:49:55
1857,20243,양재2동,44246,33258,10988,2,5872,10847,12472,11704,3349,1,3555,7989,9587,9562,2564,1,2317,2858,2885,2142,785,2025-03-17 15:49:55
1858,20243,잠원동,11344,6577,4767,0,2364,3351,2810,1755,1064,0,930,1966,1864,1099,718,0,1434,1385,946,656,346,2025-03-17 15:49:55
1859,20243,문정2동,37090,23328,13762,56,5321,11298,11371,6570,2474,22,2550,6380,7795,5037,1544,34,2771,4918,3576,1533,930,2025-03-17 15:49:55
1860,20243,마천2동,1272,838,434,0,86,304,378,351,153,0,54,196,220,215,153,0,32,108,158,136,0,2025-03-17 15:49:55
1861,20243,잠실본동,10964,7018,3946,0,1485,2111,2566,2444,2358,0,650,1283,1612,1681,1792,0,835,828,954,763,566,2025-03-17 15:49:55
1862,20243,잠실4동,4260,3421,839,21,570,1338,1237,902,192,9,410,1097,1020,736,149,12,160,241,217,166,43,2025-03-17 15:49:55
1863,20243,무악동,423,113,310,0,120,120,109,52,22,0,27,27,35,13,11,0,93,93,74,39,11,2025-03-17 15:49:55
1864,20243,사직동,38826,24316,14510,10,5130,10990,11706,7710,3280,0,2146,6755,8012,5381,2022,10,2984,4235,3694,2329,1258,2025-03-17 15:49:55
1865,20243,필동,14869,6999,7870,0,2139,3778,4591,3258,1103,0,724,1871,2163,1529,712,0,1415,1907,2428,1729,391,2025-03-17 15:49:55
1866,20243,이태원1동,18256,8052,10204,0,5359,6986,3593,1768,550,0,1406,2928,1988,1280,450,0,3953,4058,1605,488,100,2025-03-17 15:49:55
1867,20243,이촌1동,4473,2865,1608,12,724,1207,1253,917,360,10,358,742,884,618,253,2,366,465,369,299,107,2025-03-17 15:49:55
1868,20243,청구동,13042,7126,5916,0,1893,3441,3080,2805,1823,0,638,1782,1928,1713,1065,0,1255,1659,1152,1092,758,2025-03-17 15:49:55
1869,20243,왕십리도선동,2960,1359,1601,0,490,569,619,733,549,0,167,315,335,308,234,0,323,254,284,425,315,2025-03-17 15:49:55
1870,20243,응봉동,419,177,242,0,101,110,89,76,43,0,26,40,40,38,33,0,75,70,49,38,10,2025-03-17 15:49:56
1871,20243,이문1동,1176,518,658,0,221,317,334,218,86,0,31,118,166,134,69,0,190,199,168,84,17,2025-03-17 15:49:56
1872,20243,제기동,9210,5573,3637,0,1096,2349,2329,1982,1454,0,413,1404,1509,1170,1077,0,683,945,820,812,377,2025-03-17 15:49:56
1873,20243,망우본동,1159,615,544,0,98,215,274,379,193,0,10,83,129,209,184,0,88,132,145,170,9,2025-03-17 15:49:56
1874,20243,중곡2동,1991,1168,823,0,249,400,529,485,328,0,167,233,283,259,226,0,82,167,246,226,102,2025-03-17 15:49:56
1875,20243,중곡3동,634,445,189,0,46,161,198,157,72,0,30,127,120,108,60,0,16,34,78,49,12,2025-03-17 15:49:56
1876,20243,묵2동,1139,798,341,0,164,286,278,323,88,0,98,195,182,241,82,0,66,91,96,82,6,2025-03-17 15:49:56
1877,20243,길음1동,3566,1740,1826,234,1248,878,599,389,218,95,538,463,296,179,169,139,710,415,303,210,49,2025-03-17 15:49:56
1878,20243,송중동,918,450,468,0,50,139,298,264,167,0,9,50,126,126,139,0,41,89,172,138,28,2025-03-17 15:49:56
1879,20243,송천동,437,246,191,0,3,40,75,139,180,0,0,13,30,95,108,0,3,27,45,44,72,2025-03-17 15:49:56
1880,20243,도봉1동,1270,908,362,0,2,94,323,508,343,0,0,52,189,369,298,0,2,42,134,139,45,2025-03-17 15:49:56
1881,20243,응암2동,429,287,142,0,47,47,109,131,95,0,27,27,65,79,89,0,20,20,44,52,6,2025-03-17 15:49:56
1882,20243,홍은1동,2739,539,2200,0,84,203,752,1311,389,0,28,66,141,159,145,0,56,137,611,1152,244,2025-03-17 15:49:56
1883,20243,중계1동,1073,591,482,0,141,235,322,269,106,0,61,128,170,148,84,0,80,107,152,121,22,2025-03-17 15:49:56
1884,20243,용강동,12219,7268,4951,0,1787,3015,2894,2427,2096,0,873,1790,1915,1413,1277,0,914,1225,979,1014,819,2025-03-17 15:49:56
1885,20243,망원2동,3385,2037,1348,0,424,630,726,1032,573,0,237,469,514,481,336,0,187,161,212,551,237,2025-03-17 15:49:56
1886,20243,상암동,13325,8216,5109,18,2819,4883,3639,1493,473,7,1235,3088,2422,1062,402,11,1584,1795,1217,431,71,2025-03-17 15:49:56
1887,20243,연남동,2215,1408,807,0,345,535,564,485,286,0,148,286,341,348,285,0,197,249,223,137,1,2025-03-17 15:49:56
1888,20243,신월6동,536,314,222,0,54,102,123,145,112,0,20,53,66,82,93,0,34,49,57,63,19,2025-03-17 15:49:56
1889,20243,목2동,2740,1533,1207,0,380,667,730,628,335,0,180,364,406,359,224,0,200,303,324,269,111,2025-03-17 15:49:56
1890,20243,홍제2동,239,120,119,0,32,51,64,56,36,0,10,33,32,27,18,0,22,18,32,29,18,2025-03-17 15:49:57
1891,20243,등촌2동,1806,1072,734,0,208,362,441,468,327,0,87,198,264,298,225,0,121,164,177,170,102,2025-03-17 15:49:57
1892,20243,화곡2동,5028,3087,1941,0,634,1386,1303,1218,487,0,384,921,806,640,336,0,250,465,497,578,151,2025-03-17 15:49:57
1893,20243,개봉3동,1071,671,400,0,128,273,284,235,151,0,64,174,174,136,123,0,64,99,110,99,28,2025-03-17 15:49:57
1894,20243,신정1동,6180,3613,2567,23,1091,1552,1551,1317,646,23,452,968,933,764,473,0,639,584,618,553,173,2025-03-17 15:49:57
1895,20243,독산3동,2918,2129,789,0,196,447,538,583,1154,0,105,283,289,347,1105,0,91,164,249,236,49,2025-03-17 15:49:57
1896,20243,가리봉동,563,259,304,0,12,95,138,127,191,0,2,46,57,46,108,0,10,49,81,81,83,2025-03-17 15:49:57
1897,20243,대림1동,1030,374,656,0,346,246,228,163,47,0,56,81,114,82,41,0,290,165,114,81,6,2025-03-17 15:49:57
1898,20243,신길7동,1873,1285,588,0,215,359,423,539,337,0,132,246,286,350,271,0,83,113,137,189,66,2025-03-17 15:49:57
1899,20243,대방동,6596,4405,2191,0,1090,1797,1560,1479,670,0,586,1230,1088,1073,428,0,504,567,472,406,242,2025-03-17 15:49:57
1900,20243,여의동,201758,143165,58593,463,37097,72314,51883,30938,9063,170,20475,51688,40070,24622,6140,293,16622,20626,11813,6316,2923,2025-03-17 15:49:57
1901,20243,노량진1동,2666,1489,1177,0,345,641,679,637,364,0,143,366,410,345,225,0,202,275,269,292,139,2025-03-17 15:49:57
1902,20243,낙성대동,4335,2394,1941,0,707,1489,929,669,541,0,320,783,481,387,423,0,387,706,448,282,118,2025-03-17 15:49:57
1903,20243,행운동,1975,1109,866,0,291,488,466,453,277,0,142,277,248,236,206,0,149,211,218,217,71,2025-03-17 15:49:57
1904,20243,양재1동,20452,13209,7243,233,4798,5664,4641,3059,2057,111,2432,3807,3269,2041,1549,122,2366,1857,1372,1018,508,2025-03-17 15:49:57
1905,20243,역삼1동,157737,93388,64349,188,31880,48041,40695,27564,9369,45,15270,29978,26576,14929,6590,143,16610,18063,14119,12635,2779,2025-03-17 15:49:57
1906,20243,청림동,220,126,94,0,32,73,73,33,9,0,13,42,43,21,7,0,19,31,30,12,2,2025-03-17 15:49:57
1907,20243,반포3동,2501,1395,1106,1,398,637,553,502,410,0,169,375,365,292,194,1,229,262,188,210,216,2025-03-17 15:49:57
1908,20243,송파1동,20397,12734,7663,0,2895,4579,5069,4438,3416,0,1236,2704,3295,2981,2518,0,1659,1875,1774,1457,898,2025-03-17 15:49:57
1909,20243,송파2동,3402,2143,1259,3,542,847,891,810,309,3,262,537,641,506,194,0,280,310,250,304,115,2025-03-17 15:49:57
1910,20243,길동,7262,3689,3573,0,1013,1459,1661,1781,1348,0,388,781,888,816,816,0,625,678,773,965,532,2025-03-17 15:49:57
1911,20243,풍납2동,372,182,190,0,81,126,92,57,16,0,22,65,48,35,12,0,59,61,44,22,4,2025-03-17 15:49:57
1912,20243,고덕2동,888,563,325,0,44,111,200,312,221,0,4,48,116,215,180,0,40,63,84,97,41,2025-03-17 15:49:57
1913,20243,혜화동,4341,2119,2222,0,699,1189,1063,871,519,0,235,582,565,449,288,0,464,607,498,422,231,2025-03-17 15:49:58
1914,20243,광희동,52790,26286,26504,469,15141,13894,10859,8353,4074,187,7353,8084,6266,2845,1551,282,7788,5810,4593,5508,2523,2025-03-17 15:49:58
1915,20243,가회동,10719,7983,2736,1,1143,3698,3218,2018,641,1,592,2713,2522,1658,497,0,551,985,696,360,144,2025-03-17 15:49:58
1916,20243,숭인1동,195,87,108,0,35,43,48,45,24,0,0,18,24,24,21,0,35,25,24,21,3,2025-03-17 15:49:58
1917,20243,남영동,16969,7145,9824,127,6466,4190,3236,2179,771,4,1220,2248,1917,1172,584,123,5246,1942,1319,1007,187,2025-03-17 15:49:58
1918,20243,서빙고동,7358,4832,2526,0,1309,2194,2273,1168,414,0,630,1283,1661,931,327,0,679,911,612,237,87,2025-03-17 15:49:58
1919,20243,송정동,720,467,253,0,89,177,189,148,117,0,42,113,110,94,108,0,47,64,79,54,9,2025-03-17 15:49:58
1920,20243,신당5동,604,327,277,0,23,140,177,156,108,0,6,53,90,87,91,0,17,87,87,69,17,2025-03-17 15:49:58
1921,20243,광장동,5323,3225,2098,34,1657,1406,1035,822,369,5,794,905,699,551,271,29,863,501,336,271,98,2025-03-17 15:49:58
1922,20243,능동,1102,700,402,0,153,264,292,222,171,0,72,161,189,137,141,0,81,103,103,85,30,2025-03-17 15:49:58
1923,20243,자양3동,1581,1164,417,0,181,419,449,403,129,0,117,298,335,303,111,0,64,121,114,100,18,2025-03-17 15:49:58
1924,20243,용신동,16487,8520,7967,0,2055,3648,4057,4032,2695,0,970,2096,2140,1845,1469,0,1085,1552,1917,2187,1226,2025-03-17 15:49:58
1925,20243,면목7동,581,344,237,0,36,88,164,191,102,0,0,37,89,116,102,0,36,51,75,75,0,2025-03-17 15:49:58
1926,20243,동선동,3905,1936,1969,0,490,821,897,1010,687,0,141,354,439,563,439,0,349,467,458,447,248,2025-03-17 15:49:58
1927,20243,길음2동,286,107,179,0,15,57,88,92,34,0,3,17,42,28,17,0,12,40,46,64,17,2025-03-17 15:49:58
1928,20243,보문동,2689,2024,665,0,256,800,564,563,506,0,137,635,450,450,352,0,119,165,114,113,154,2025-03-17 15:49:58
1929,20243,성북동,15450,11773,3677,0,2024,3799,4489,4473,665,0,1117,2658,3552,3982,464,0,907,1141,937,491,201,2025-03-17 15:49:58
1930,20243,종암동,12167,6414,5753,0,1062,3086,4289,3464,266,0,462,1143,1961,2686,162,0,600,1943,2328,778,104,2025-03-17 15:49:58
1931,20243,번1동,1761,1098,663,0,177,360,344,496,384,0,73,233,217,342,233,0,104,127,127,154,151,2025-03-17 15:49:58
1932,20243,인수동,2202,1334,868,0,166,434,598,681,323,0,37,246,377,410,264,0,129,188,221,271,59,2025-03-17 15:49:58
1933,20243,창3동,529,295,234,0,9,101,227,170,22,0,0,64,138,71,22,0,9,37,89,99,0,2025-03-17 15:49:58
1934,20243,창4동,1452,913,539,0,156,276,355,401,264,0,66,146,211,271,219,0,90,130,144,130,45,2025-03-17 15:49:59
1935,20243,상계3·4동,419,316,103,0,7,18,115,179,100,0,0,9,75,139,93,0,7,9,40,40,7,2025-03-17 15:49:59
1936,20243,신사1동,1154,619,535,0,103,247,272,297,235,0,36,121,151,143,168,0,67,126,121,154,67,2025-03-17 15:49:59
1937,20243,불광1동,1687,719,968,0,233,406,462,394,192,0,80,174,196,171,98,0,153,232,266,223,94,2025-03-17 15:49:59
1938,20243,불광2동,10488,5018,5470,0,421,1495,1788,2315,4469,0,99,764,731,950,2474,0,322,731,1057,1365,1995,2025-03-17 15:49:59
1939,20243,상계10동,386,161,225,0,60,82,103,111,30,0,12,34,39,53,23,0,48,48,64,58,7,2025-03-17 15:49:59
1940,20243,응암1동,1751,972,779,0,169,291,418,407,466,0,70,141,217,205,339,0,99,150,201,202,127,2025-03-17 15:49:59
1941,20243,진관동,640,337,303,0,56,161,179,158,86,0,24,102,102,65,44,0,32,59,77,93,42,2025-03-17 15:49:59
1942,20243,북아현동,938,686,252,0,98,217,259,266,98,0,40,161,201,205,79,0,58,56,58,61,19,2025-03-17 15:49:59
1943,20243,공덕동,12823,7440,5383,4,2870,3550,3515,2252,632,0,1131,1885,2247,1701,476,4,1739,1665,1268,551,156,2025-03-17 15:49:59
1944,20243,대흥동,3136,1546,1590,0,1294,715,453,431,243,0,498,369,248,262,169,0,796,346,205,169,74,2025-03-17 15:49:59
1945,20243,대조동,1501,744,757,0,145,336,421,365,234,0,34,166,202,163,179,0,111,170,219,202,55,2025-03-17 15:49:59
1946,20243,서교동,24904,12720,12184,0,5217,7000,5782,4116,2789,0,2141,3500,3181,2168,1730,0,3076,3500,2601,1948,1059,2025-03-17 15:49:59
1947,20243,아현동,4414,2432,1982,0,838,1434,1260,748,134,0,366,802,704,456,104,0,472,632,556,292,30,2025-03-17 15:49:59
1948,20243,성산2동,1476,660,816,0,112,280,410,480,194,0,34,138,184,188,116,0,78,142,226,292,78,2025-03-17 15:49:59
1949,20243,화곡1동,3969,2254,1715,0,349,832,1008,1149,631,0,153,490,555,647,409,0,196,342,453,502,222,2025-03-17 15:49:59
1950,20243,화곡4동,1640,727,913,0,382,457,340,309,152,0,75,195,168,168,121,0,307,262,172,141,31,2025-03-17 15:49:59
1951,20243,방화1동,3439,2722,717,0,337,736,859,997,510,0,258,605,691,829,339,0,79,131,168,168,171,2025-03-17 15:49:59
1952,20243,고척1동,2225,1591,634,0,191,454,593,674,313,0,100,308,414,509,260,0,91,146,179,165,53,2025-03-17 15:49:59
1953,20243,신정3동,1399,1010,389,0,110,269,354,299,367,0,53,166,241,211,339,0,57,103,113,88,28,2025-03-17 15:49:59
1954,20243,시흥3동,1998,1185,813,0,142,294,462,523,577,0,74,191,269,285,366,0,68,103,193,238,211,2025-03-17 15:50:00
1955,20243,독산2동,1302,759,543,0,131,270,316,418,167,0,73,122,158,256,150,0,58,148,158,162,17,2025-03-17 15:50:00
1956,20243,사당2동,1408,771,637,0,219,421,389,261,118,0,104,253,231,120,63,0,115,168,158,141,55,2025-03-17 15:50:00
1957,20243,신길4동,715,357,358,0,119,170,184,169,73,0,41,79,90,91,56,0,78,91,94,78,17,2025-03-17 15:50:00
1958,20243,영등포동,13005,7280,5725,0,2384,3229,3101,2575,1716,0,876,1800,1932,1515,1157,0,1508,1429,1169,1060,559,2025-03-17 15:50:00
1959,20243,서원동,1726,698,1028,0,315,377,319,391,324,0,66,147,161,142,182,0,249,230,158,249,142,2025-03-17 15:50:00
1960,20243,성현동,1199,452,747,1,174,211,274,365,174,1,80,111,124,97,39,0,94,100,150,268,135,2025-03-17 15:50:00
1961,20243,흑석동,76,46,30,0,0,20,26,20,10,0,0,10,16,10,10,0,0,10,10,10,0,2025-03-17 15:50:00
1962,20243,삼성동,713,410,303,0,57,137,210,208,101,0,24,68,110,113,95,0,33,69,100,95,6,2025-03-17 15:50:00
1963,20243,방배2동,32778,15950,16828,0,5555,8420,9041,6297,3465,0,1921,3769,4172,3737,2351,0,3634,4651,4869,2560,1114,2025-03-17 15:50:00
1964,20243,인헌동,909,532,377,0,187,277,240,135,70,0,83,173,145,69,62,0,104,104,95,66,8,2025-03-17 15:50:00
1965,20243,사당5동,1281,702,579,0,146,324,393,314,104,0,62,148,205,183,104,0,84,176,188,131,0,2025-03-17 15:50:00
1966,20243,서초1동,41721,23337,18384,2,8767,10822,9223,10183,2724,0,3149,5819,5339,7051,1979,2,5618,5003,3884,3132,745,2025-03-17 15:50:00
1967,20243,도곡1동,28100,19906,8194,41,4805,6545,7823,7121,1765,41,2437,4289,5882,5824,1433,0,2368,2256,1941,1297,332,2025-03-17 15:50:00
1968,20243,방배1동,17414,11559,5855,41,3449,5375,4250,3161,1138,39,1636,3280,3137,2605,862,2,1813,2095,1113,556,276,2025-03-17 15:50:00
1969,20243,거여1동,3002,2255,747,0,756,872,726,395,253,0,526,699,562,273,195,0,230,173,164,122,58,2025-03-17 15:50:01
1970,20243,대치1동,14138,7534,6604,16,2582,4621,3529,2200,1190,5,970,2293,1994,1405,867,11,1612,2328,1535,795,323,2025-03-17 15:50:01
1971,20243,명일1동,2757,1540,1217,0,409,742,700,494,412,0,186,454,459,252,189,0,223,288,241,242,223,2025-03-17 15:50:01
1972,20243,둔촌2동,2158,970,1188,0,412,568,471,449,258,0,112,236,235,213,174,0,300,332,236,236,84,2025-03-17 15:50:01
1973,20243,성내3동,5543,3369,2174,0,751,1257,1404,1173,958,0,392,807,860,669,641,0,359,450,544,504,317,2025-03-17 15:50:01
1974,20243,평창동,10316,5791,4525,0,1273,2770,3382,2246,645,0,613,1416,1999,1349,414,0,660,1354,1383,897,231,2025-03-17 15:50:01
1975,20243,교남동,689,411,278,0,68,180,196,143,102,0,18,91,117,98,87,0,50,89,79,45,15,2025-03-17 15:50:01
1976,20243,을지로동,15636,8536,7100,0,3783,3785,3429,2735,1904,0,986,2093,2230,1893,1334,0,2797,1692,1199,842,570,2025-03-17 15:50:01
1977,20243,한남동,28708,21055,7653,15,4744,8508,7564,6602,1275,15,2258,5674,6131,5934,1043,0,2486,2834,1433,668,232,2025-03-17 15:50:01
1978,20243,약수동,9944,3844,6100,19,1603,3722,2752,1363,485,0,491,1311,913,781,348,19,1112,2411,1839,582,137,2025-03-17 15:50:01
1979,20243,성수2가3동,40575,25998,14577,49,6680,10329,10153,8152,5212,49,3704,6900,6833,4917,3595,0,2976,3429,3320,3235,1617,2025-03-17 15:50:01
1980,20243,사근동,324,243,81,0,5,56,119,106,38,0,0,37,83,85,38,0,5,19,36,21,0,2025-03-17 15:50:01
1981,20243,자양2동,1864,1164,700,0,259,417,499,494,195,0,179,271,290,268,156,0,80,146,209,226,39,2025-03-17 15:50:01
1982,20243,마장동,6039,4290,1749,0,487,1069,1386,2007,1090,0,292,742,1009,1423,824,0,195,327,377,584,266,2025-03-17 15:50:01
1983,20243,면목5동,837,620,217,0,52,126,244,229,186,0,51,113,119,152,185,0,1,13,125,77,1,2025-03-17 15:50:01
1984,20243,휘경2동,844,434,410,0,108,190,220,206,120,0,28,90,116,108,92,0,80,100,104,98,28,2025-03-17 15:50:02
1985,20243,우이동,1300,825,475,0,28,71,181,335,685,0,0,30,102,236,457,0,28,41,79,99,228,2025-03-17 15:50:02
1986,20243,수유1동,870,390,480,0,47,138,255,294,136,0,0,42,101,129,118,0,47,96,154,165,18,2025-03-17 15:50:02
1987,20243,안암동,2475,1658,817,0,312,670,722,549,222,0,160,420,465,406,207,0,152,250,257,143,15,2025-03-17 15:50:02
1988,20243,장위1동,390,212,178,0,70,86,102,81,51,0,34,51,51,38,38,0,36,35,51,43,13,2025-03-17 15:50:02
1989,20243,정릉2동,1024,425,599,0,152,258,288,233,93,0,13,99,112,109,92,0,139,159,176,124,1,2025-03-17 15:50:02
1990,20243,정릉1동,471,264,207,0,42,88,110,141,90,0,0,31,55,89,89,0,42,57,55,52,1,2025-03-17 15:50:02
1991,20243,갈현1동,1802,910,892,0,301,427,432,414,228,0,107,219,216,208,160,0,194,208,216,206,68,2025-03-17 15:50:02
1992,20243,신사2동,775,567,208,0,75,157,208,198,137,0,64,111,121,136,135,0,11,46,87,62,2,2025-03-17 15:50:02
1993,20243,망원1동,2526,1428,1098,0,705,713,534,377,197,0,405,383,262,226,152,0,300,330,272,151,45,2025-03-17 15:50:02
1994,20243,목1동,12735,8256,4479,6,2216,3475,3185,2594,1259,4,1037,2276,2256,1863,820,2,1179,1199,929,731,439,2025-03-17 15:50:02
1995,20243,방화3동,1716,1110,606,0,167,368,437,471,273,0,84,195,270,329,232,0,83,173,167,142,41,2025-03-17 15:50:02
1996,20243,구로5동,10695,6744,3951,2,1512,2515,2776,2368,1522,2,849,1734,1834,1405,920,0,663,781,942,963,602,2025-03-17 15:50:02
1997,20243,화곡8동,1483,820,663,0,190,418,448,260,167,0,85,224,224,167,120,0,105,194,224,93,47,2025-03-17 15:50:02
1998,20243,구로2동,10444,6475,3969,2,1234,2439,2637,2650,1482,1,570,1448,1584,1747,1125,1,664,991,1053,903,357,2025-03-17 15:50:02
1999,20243,독산1동,9731,6253,3478,0,742,1316,1630,2147,3896,0,444,878,1050,1327,2554,0,298,438,580,820,1342,2025-03-17 15:50:02
2000,20243,독산4동,1104,651,453,0,118,187,231,265,303,0,83,112,143,127,186,0,35,75,88,138,117,2025-03-17 15:50:02
